0 0.185299 0.729313 0.067782 0.064261
0 0.099472 0.579665 0.058099 0.057218
0 0.159771 0.881162 0.062500 0.068662
0 0.100792 0.885563 0.053697 0.054577
0 0.108275 0.816901 0.059859 0.066901
0 0.045335 0.838468 0.039613 0.076585
0 0.019806 0.771127 0.039612 0.065141
0 0.011884 0.835387 0.023768 0.061620
0 0.019366 0.528169 0.038732 0.075704
0 0.070863 0.514525 0.041373 0.057218
0 0.089789 0.371479 0.054577 0.066901
0 0.130282 0.329665 0.052817 0.087148
0 0.076144 0.191901 0.043134 0.051056
0 0.046215 0.166373 0.029049 0.058099
0 0.010123 0.205986 0.020246 0.049296
0 0.011444 0.354754 0.022887 0.054577