0 0.645811 0.672328 0.054377 0.049006
0 0.451463 0.372248 0.033566 0.036923
0 0.517432 0.393707 0.030187 0.035714
0 0.496386 0.445578 0.026361 0.037415
0 0.524447 0.441964 0.028061 0.034439
0 0.562925 0.410714 0.025085 0.028912
0 0.590136 0.434736 0.025085 0.026786
0 0.589711 0.475553 0.030187 0.029337
0 0.597426 0.517707 0.030762 0.030762
0 0.642444 0.542655 0.015756 0.020633
0 0.542746 0.487694 0.038860 0.037565
0 0.548575 0.441710 0.027202 0.028497
0 0.058290 0.806347 0.038860 0.045337
0 0.443653 0.974093 0.037565 0.036269
0 0.435881 0.903497 0.045337 0.045337
0 0.740285 0.517487 0.022021 0.022021
0 0.642487 0.515544 0.020725 0.038860
0 0.774611 0.501943 0.031088 0.040155