0 0.206606 0.534326 0.053109 0.047927
0 0.324482 0.727979 0.032383 0.049223
0 0.521373 0.712435 0.045337 0.044041
0 0.461140 0.861399 0.046632 0.049223
0 0.589378 0.397668 0.054404 0.038860
0 0.404793 0.553756 0.047927 0.066062
0 0.568005 0.020078 0.042746 0.040155
0 0.472798 0.165155 0.036269 0.058290
0 0.069301 0.051166 0.047927 0.045337
0 0.259067 0.354275 0.044041 0.050518
0 0.680699 0.143135 0.029793 0.037565
0 0.730570 0.093912 0.018135 0.032383
0 0.663212 0.341321 0.031088 0.037565
0 0.940415 0.620466 0.025907 0.023316
0 0.889249 0.641839 0.022021 0.034974
0 0.982513 0.844560 0.027202 0.036269
0 0.990933 0.875648 0.018134 0.036269
0 0.961788 0.909326 0.022021 0.038860
0 0.942358 0.904145 0.022021 0.031088
0 0.927461 0.878886 0.025907 0.032383
0 0.891192 0.895078 0.018135 0.033679
0 0.877591 0.905440 0.024611 0.038860
0 0.864637 0.891192 0.024611 0.031088
0 0.871114 0.876943 0.022021 0.025907
0 0.255829 0.293394 0.027202 0.045337
0 0.343912 0.963731 0.045337 0.056995
0 0.443653 0.094560 0.029793 0.064767