0 0.118622 0.639668 0.034439 0.031888
0 0.260204 0.565051 0.026786 0.025510
0 0.306760 0.694515 0.035714 0.039541
0 0.301658 0.769133 0.038265 0.035714
0 0.301020 0.820153 0.034439 0.035714
0 0.229592 0.785714 0.029337 0.033163
0 0.232781 0.695791 0.030612 0.029337
0 0.145408 0.943240 0.034439 0.031888
0 0.170281 0.987245 0.040816 0.025510
0 0.332270 0.850128 0.028061 0.034439
0 0.343112 0.882015 0.034439 0.036990
0 0.368622 0.908163 0.039541 0.025510
0 0.467474 0.535077 0.030612 0.029337
0 0.423469 0.563776 0.026786 0.025510
0 0.445153 0.712372 0.039541 0.029337
0 0.434949 0.767857 0.024235 0.028061
0 0.385204 0.676658 0.029337 0.031888
0 0.403061 0.840561 0.026786 0.028061
0 0.442602 0.889031 0.036990 0.033163
0 0.552934 0.981505 0.028061 0.029337
0 0.742985 0.830995 0.028061 0.031888
0 0.830995 0.766582 0.030612 0.028061
0 0.754464 0.657526 0.022959 0.029337
0 0.559311 0.577806 0.028061 0.028061
0 0.570153 0.396046 0.031888 0.024235
0 0.535077 0.306122 0.028061 0.033163
0 0.636480 0.244898 0.031888 0.035714
0 0.847577 0.241709 0.033163 0.034439
0 0.792092 0.566327 0.026786 0.028061
0 0.832908 0.461735 0.029337 0.030612
0 0.731505 0.383929 0.030612 0.025510
0 0.366071 0.577806 0.021684 0.025510
0 0.762755 0.150510 0.021684 0.025510
0 0.364945 0.651378 0.040963 0.032895
0 0.714685 0.684273 0.034136 0.035377
0 0.777992 0.837574 0.031653 0.034136
0 0.725857 0.963257 0.036619 0.029791
0 0.500248 0.872642 0.033515 0.031033
0 0.420494 0.988766 0.039101 0.022468
0 0.657274 0.736097 0.039722 0.034757
0 0.698237 0.578761 0.027309 0.031653
0 0.749131 0.580933 0.028550 0.024826
0 0.624379 0.510799 0.037239 0.021102
0 0.682100 0.499938 0.026068 0.029171
0 0.775199 0.458354 0.033515 0.031653
0 0.660067 0.400943 0.034136 0.042205
0 0.610725 0.371152 0.028550 0.021102
0 0.692651 0.218471 0.031033 0.032274
0 0.550832 0.213505 0.047790 0.040963
0 0.673721 0.021413 0.027929 0.029171
0 0.649206 0.020482 0.032274 0.032274
0 0.703203 0.107373 0.031033 0.024826
0 0.796922 0.295432 0.037239 0.033515
0 0.154543 0.857435 0.035998 0.037860
0 0.044687 0.605760 0.024826 0.029791