0 0.559585 0.151554 0.049223 0.049223
0 0.434585 0.321891 0.040155 0.053109
0 0.400259 0.285622 0.049223 0.060881
0 0.281736 0.384715 0.037565 0.038860
0 0.294689 0.431995 0.047927 0.060881
0 0.248057 0.427461 0.042746 0.059585
0 0.806995 0.281088 0.018135 0.018135
0 0.786269 0.289508 0.018135 0.014249
0 0.773316 0.330311 0.015544 0.020725
0 0.682642 0.565415 0.012953 0.019430
0 0.738342 0.659974 0.020725 0.022021
0 0.778497 0.732513 0.020725 0.024611
0 0.808938 0.648316 0.019430 0.022021
0 0.950777 0.367228 0.023316 0.042746
0 0.123705 0.870466 0.029793 0.036269