0 0.536972 0.328785 0.059859 0.058979
0 0.430018 0.571303 0.057218 0.056338
0 0.379401 0.649208 0.038732 0.058979
0 0.417254 0.715229 0.044014 0.050176
0 0.481514 0.670775 0.047535 0.056338
0 0.545335 0.706866 0.058979 0.061620
0 0.650968 0.639085 0.053697 0.063380
0 0.666813 0.566461 0.051937 0.067782
0 0.837588 0.580986 0.023768 0.038732
0 0.914613 0.615317 0.049296 0.051056
0 0.886884 0.563820 0.044894 0.044894
0 0.865757 0.632042 0.036092 0.033451
0 0.810299 0.647887 0.032570 0.040493
0 0.783891 0.663292 0.036092 0.043134
0 0.727553 0.674736 0.036092 0.046655
0 0.716989 0.719630 0.037852 0.037852
0 0.453345 0.793574 0.052817 0.053697
0 0.393046 0.797095 0.043134 0.046655
0 0.360915 0.794894 0.049296 0.058099
0 0.982835 0.670335 0.034330 0.067782
0 0.917694 0.682218 0.032570 0.045775
0 0.260123 0.804577 0.058979 0.052817
0 0.896373 0.087435 0.028497 0.027202
0 0.951425 0.530440 0.045337 0.037565
0 0.093264 0.090674 0.025907 0.036269
0 0.126295 0.068005 0.014249 0.032383
0 0.214378 0.037565 0.024611 0.033679