0 0.272523 0.420236 0.041221 0.029247
0 0.490434 0.260204 0.022959 0.022959
0 0.272321 0.300383 0.025510 0.031888
0 0.536352 0.429847 0.028061 0.022959
0 0.106505 0.244898 0.020408 0.025510
0 0.134566 0.293367 0.017857 0.022959
0 0.128189 0.408163 0.025510 0.025510
0 0.224490 0.079719 0.026786 0.031888
0 0.480194 0.138204 0.032570 0.038732
0 0.718310 0.121919 0.026408 0.029049
0 0.876761 0.873680 0.026408 0.029049
0 0.946303 0.763204 0.028169 0.026408
0 0.454225 0.961268 0.026408 0.022887
0 0.161972 0.770246 0.035211 0.022887
0 0.358715 0.811620 0.034331 0.028169
0 0.907130 0.304577 0.032570 0.028169
0 0.852993 0.463908 0.038732 0.040493
0 0.866197 0.168134 0.024648 0.036972
0 0.525088 0.235915 0.016725 0.022887
0 0.828345 0.973592 0.024648 0.029930
0 0.811620 0.809419 0.017606 0.027289
0 0.790053 0.803697 0.018486 0.022887
0 0.754401 0.813820 0.028169 0.039613
0 0.687940 0.798415 0.030810 0.022887
0 0.441062 0.359456 0.029793 0.029793
0 0.238990 0.198834 0.022021 0.027202