0 0.384353 0.815953 0.064042 0.072320
0 0.643486 0.745466 0.063380 0.066062
0 0.572183 0.934419 0.075704 0.076585
0 0.783011 0.643046 0.066021 0.067782
0 0.848151 0.617518 0.066021 0.062500
0 0.753081 0.801496 0.060739 0.078345
0 0.874560 0.767606 0.066021 0.080986
0 0.792254 0.914173 0.072183 0.064261
0 0.911092 0.889965 0.065141 0.059859
0 0.970951 0.871039 0.058098 0.074824
0 0.972271 0.933099 0.055458 0.065141
0 0.939701 0.960387 0.074824 0.066901
0 0.882923 0.931778 0.061620 0.069542
0 0.983808 0.772668 0.032383 0.066062