0 0.307691 0.650224 0.040059 0.054475
0 0.357143 0.624329 0.040951 0.046992
0 0.076531 0.383291 0.052296 0.036990
0 0.039062 0.121572 0.027902 0.031091
0 0.072943 0.111209 0.017538 0.031091
0 0.078524 0.146684 0.019133 0.022321
0 0.837737 0.124362 0.034621 0.028243
0 0.872599 0.158688 0.030762 0.029262
0 0.113990 0.091969 0.031088 0.054404
0 0.889249 0.148964 0.042746 0.041451
0 0.306347 0.051166 0.034974 0.029793
0 0.147668 0.036269 0.033679 0.038860
0 0.928109 0.238342 0.032383 0.038860
0 0.316062 0.678756 0.041451 0.051813