0 0.028497 0.033031 0.056994 0.066062
0 0.117876 0.198187 0.038860 0.062176
0 0.037565 0.174223 0.041451 0.058290
0 0.060233 0.256477 0.050518 0.064767
0 0.184585 0.199482 0.040155 0.049223
0 0.232513 0.249352 0.042746 0.040155
0 0.380829 0.183938 0.051813 0.062176
0 0.327073 0.216969 0.053109 0.058290
0 0.356865 0.265544 0.053109 0.064767
0 0.324482 0.306995 0.058290 0.067358
0 0.889896 0.153497 0.051813 0.058290
0 0.936528 0.252591 0.046632 0.064767
0 0.844560 0.854275 0.046632 0.050518
0 0.799223 0.855570 0.038860 0.050518
0 0.639249 0.815415 0.024611 0.045337
0 0.601036 0.808938 0.044041 0.050518
0 0.551166 0.816710 0.050518 0.058290
0 0.278497 0.641192 0.023316 0.041451