0 0.422194 0.173044 0.040816 0.045068
0 0.954507 0.432398 0.051020 0.056973
0 0.815901 0.791241 0.030612 0.053571
0 0.434524 0.491071 0.028061 0.051871
0 0.326727 0.745683 0.039737 0.048077
0 0.374313 0.776099 0.030907 0.048077
0 0.439315 0.780759 0.046115 0.054454
0 0.388049 0.828836 0.057398 0.048568
0 0.440542 0.846497 0.047586 0.062304
0 0.471939 0.825157 0.031888 0.048077
0 0.317718 0.970837 0.050441 0.048122
0 0.362071 0.982085 0.037106 0.035830
0 0.422948 0.990492 0.047542 0.019016
0 0.558204 0.487044 0.038937 0.046321
0 0.900354 0.392099 0.055425 0.055425
0 0.781736 0.486399 0.037565 0.050518
0 0.928109 0.518135 0.040155 0.044041
0 0.977979 0.319948 0.044041 0.038860
0 0.764896 0.056995 0.034974 0.044041