0 0.012117 0.548724 0.024234 0.027041
0 0.011735 0.517092 0.022959 0.025000
0 0.035969 0.510714 0.025510 0.028571
0 0.077296 0.470663 0.025510 0.023980
0 0.022704 0.460204 0.025510 0.030612
0 0.034439 0.368622 0.027551 0.030102
0 0.103061 0.401531 0.020918 0.027551
0 0.139796 0.397449 0.025000 0.031633
0 0.060969 0.317857 0.027551 0.030612
0 0.032143 0.282653 0.025000 0.027551
0 0.121429 0.285204 0.028061 0.030612
0 0.183929 0.268367 0.023469 0.032653
0 0.969033 0.244473 0.045351 0.035431
0 0.818005 0.502820 0.028195 0.029538
0 0.754901 0.556525 0.040279 0.051020
0 0.697583 0.659014 0.034014 0.051020
0 0.448791 0.780896 0.027872 0.029289
0 0.747591 0.895692 0.019841 0.015117
0 0.691374 0.946003 0.034014 0.032596
0 0.630905 0.987056 0.039683 0.025888
0 0.145637 0.187500 0.045991 0.035377