0 0.514525 0.462588 0.055458 0.044894
0 0.693222 0.390845 0.046655 0.052817
0 0.637324 0.773327 0.033451 0.048415
0 0.601673 0.772887 0.036092 0.044014
0 0.550176 0.941901 0.044014 0.051056
0 0.632042 0.964789 0.044014 0.047535
0 0.666813 0.793574 0.034331 0.041373
0 0.145687 0.882482 0.051937 0.037852
0 0.116197 0.310739 0.049296 0.045775
0 0.755829 0.624352 0.037565 0.036269
0 0.688472 0.753238 0.034974 0.045337
0 0.706606 0.602332 0.027202 0.033679
0 0.504534 0.511658 0.034974 0.031088
0 0.657383 0.653497 0.022021 0.029793
0 0.269430 0.863990 0.046632 0.046632