0 0.434311 0.010204 0.030612 0.020408
0 0.542092 0.073342 0.034439 0.024235
0 0.511480 0.151148 0.031888 0.024235
0 0.177296 0.139668 0.029337 0.031888
0 0.228316 0.437500 0.026786 0.020408
0 0.315689 0.263393 0.022959 0.026786
0 0.140306 0.595663 0.031888 0.020408
0 0.102679 0.633929 0.028061 0.022959
0 0.072704 0.560587 0.029337 0.024235
0 0.591837 0.255740 0.029337 0.029337
0 0.286990 0.090561 0.024235 0.022959
0 0.271684 0.167092 0.019133 0.017857
0 0.093750 0.389668 0.020408 0.024235
0 0.088010 0.264668 0.019133 0.029337
0 0.362883 0.636480 0.020408 0.028061
0 0.409439 0.723214 0.019133 0.022959
0 0.450893 0.974490 0.022959 0.025510
0 0.132653 0.887755 0.029337 0.022959
0 0.355542 0.446344 0.034198 0.031840
0 0.060731 0.113797 0.034198 0.034198
0 0.064858 0.084316 0.028302 0.031840
0 0.010613 0.100825 0.021226 0.024764
0 0.361439 0.080189 0.043632 0.023585