0 0.156088 0.820596 0.060881 0.063472
0 0.320596 0.761658 0.037565 0.056995
0 0.242876 0.356865 0.045337 0.058290
0 0.202720 0.380181 0.060881 0.073834
0 0.277202 0.102979 0.069948 0.081606
0 0.218912 0.101036 0.051813 0.082902
0 0.025259 0.229275 0.042746 0.049223
0 0.592617 0.038860 0.053109 0.049223
0 0.944301 0.408031 0.049223 0.051813
0 0.891192 0.408031 0.049223 0.028497
0 0.880829 0.351684 0.056995 0.063472
0 0.987047 0.319301 0.025906 0.045337
0 0.471503 0.077720 0.033679 0.062176
0 0.933938 0.184585 0.044041 0.045337
0 0.992228 0.224741 0.015544 0.047927
0 0.970207 0.222798 0.033679 0.033679
0 0.982513 0.143135 0.034974 0.040155
0 0.971503 0.110751 0.056994 0.047927
0 0.970855 0.069301 0.047927 0.034974