0 0.243838 0.634683 0.049296 0.063380
0 0.228873 0.509683 0.051056 0.054577
0 0.049736 0.691461 0.030810 0.057218
0 0.169894 0.681338 0.033451 0.054577
0 0.332306 0.861356 0.025528 0.037852
0 0.300176 0.845070 0.028169 0.042254
0 0.399648 0.850352 0.028169 0.044014
0 0.374560 0.840229 0.025528 0.043134
0 0.378961 0.914173 0.030810 0.036092
0 0.296655 0.978433 0.033451 0.036092
0 0.872359 0.850792 0.040493 0.050176
0 0.700704 0.566021 0.038732 0.042254
0 0.775907 0.876943 0.018135 0.031088
0 0.437824 0.904145 0.031088 0.020725