0 0.205553 0.293367 0.027473 0.033359
0 0.306109 0.486409 0.030388 0.028942
0 0.352237 0.379710 0.028454 0.041209
0 0.455750 0.333104 0.035322 0.040228
0 0.561224 0.404239 0.028454 0.041209
0 0.618132 0.355671 0.026491 0.032378
0 0.667190 0.329670 0.020604 0.031397
0 0.708399 0.360577 0.020604 0.036303
0 0.746664 0.231554 0.026491 0.031397
0 0.941150 0.319925 0.031947 0.025642
0 0.914933 0.157476 0.039246 0.036303
0 0.925235 0.257555 0.034341 0.038265
0 0.991637 0.357394 0.016725 0.044014
0 0.911092 0.877641 0.029930 0.044014
0 0.656736 0.314119 0.020725 0.034974
0 0.661269 0.259067 0.022021 0.031088
0 0.754534 0.256477 0.032383 0.038860
0 0.693653 0.362694 0.016839 0.038860
0 0.493523 0.389896 0.033679 0.031088
0 0.951425 0.884067 0.034974 0.022021