0 0.358560 0.633149 0.063067 0.077239
0 0.420564 0.587798 0.052438 0.055981
0 0.527211 0.625709 0.038974 0.036848
0 0.577523 0.611536 0.041808 0.055272
0 0.435391 0.507751 0.053964 0.052983
0 0.516336 0.393936 0.047096 0.058870
0 0.171819 0.103541 0.045768 0.043517
0 0.672072 0.353802 0.026725 0.058916
0 0.464402 0.221185 0.027250 0.041164
0 0.250648 0.206606 0.063472 0.032383
0 0.216321 0.119819 0.044041 0.045337
0 0.616580 0.161269 0.056995 0.063472
0 0.558290 0.235104 0.046632 0.040155
0 0.452720 0.457902 0.066062 0.058290
0 0.561528 0.420337 0.047927 0.053109
0 0.763601 0.595855 0.037565 0.062176