0 0.136004 0.573504 0.053697 0.057218
0 0.044014 0.607394 0.045775 0.047535
0 0.086268 0.691901 0.047535 0.056338
0 0.194542 0.893926 0.044014 0.051937
0 0.156690 0.481954 0.059859 0.066021
0 0.106074 0.453345 0.043134 0.049296
0 0.208627 0.311180 0.056338 0.053697
0 0.237236 0.249560 0.053697 0.057218
0 0.279049 0.173415 0.036972 0.038732
0 0.307218 0.084507 0.040493 0.051056
0 0.246919 0.069102 0.055458 0.044894
0 0.204665 0.096391 0.044894 0.055458
0 0.129842 0.028169 0.062500 0.047535
0 0.082306 0.077465 0.044894 0.047535
0 0.024208 0.237676 0.048415 0.052817
0 0.502201 0.481954 0.046655 0.053697
0 0.737676 0.082306 0.033451 0.046655
0 0.985475 0.230194 0.029049 0.037852
0 0.259243 0.808979 0.029049 0.031690
0 0.153169 0.863556 0.021127 0.026408