0 0.377201 0.356074 0.053697 0.051937
0 0.306338 0.374560 0.056338 0.057218
0 0.221831 0.472271 0.047535 0.046655
0 0.259683 0.495158 0.040493 0.058979
0 0.297535 0.533891 0.042254 0.048415
0 0.245599 0.529930 0.047535 0.047535
0 0.212148 0.504842 0.038732 0.022007
0 0.177377 0.495599 0.057218 0.051056
0 0.121039 0.573944 0.055458 0.058099
0 0.550616 0.786972 0.051937 0.051056
0 0.600352 0.909771 0.049296 0.053697
0 0.541813 0.941461 0.034331 0.036092
0 0.358715 0.957746 0.043134 0.035211
0 0.957746 0.705546 0.049296 0.055458
0 0.978433 0.912852 0.043134 0.068662