0 0.362245 0.053146 0.028061 0.026361
0 0.373724 0.206633 0.025510 0.023810
0 0.314201 0.293793 0.025510 0.026361
0 0.343059 0.310640 0.023384 0.024979
0 0.446694 0.364052 0.028699 0.026573
0 0.483099 0.338276 0.023916 0.024979
0 0.682398 0.292836 0.029230 0.026573
0 0.805804 0.449298 0.038265 0.031250
0 0.701212 0.369579 0.029337 0.022321
0 0.674861 0.504696 0.029569 0.023771
0 0.973852 0.900510 0.038265 0.033163
0 0.177205 0.262846 0.029155 0.026421
0 0.248269 0.177205 0.027332 0.026421
0 0.313867 0.165361 0.030977 0.026421
0 0.284510 0.634212 0.035431 0.028345
0 0.289222 0.330357 0.034439 0.030612
0 0.031250 0.354592 0.028061 0.028061
0 0.568005 0.566710 0.042746 0.032383
0 0.612047 0.557642 0.024611 0.034974
0 0.435881 0.481218 0.034974 0.019430
0 0.428756 0.499352 0.033679 0.022021
0 0.937824 0.437176 0.031088 0.037565
0 0.907383 0.459845 0.029793 0.023316
0 0.820596 0.361399 0.034974 0.015544
0 0.474093 0.743523 0.031088 0.033679
0 0.540803 0.611399 0.027202 0.033679
0 0.165803 0.309585 0.028497 0.031088
0 0.413212 0.104275 0.036269 0.032383
0 0.134715 0.437824 0.031088 0.023316
0 0.734307 0.475780 0.031749 0.029935
0 0.830914 0.711176 0.030842 0.030842
0 0.498004 0.841800 0.038099 0.038099
0 0.671263 0.362845 0.038099 0.039913
0 0.656749 0.396861 0.039913 0.028120
0 0.846503 0.185342 0.034974 0.052031
0 0.718264 0.802461 0.027202 0.022021
0 0.615285 0.777850 0.028497 0.024611