0 0.115566 0.053066 0.049528 0.054245
0 0.163915 0.057193 0.044811 0.041274
0 0.882665 0.244693 0.048349 0.055425
0 0.931014 0.345519 0.060142 0.047170
0 0.130896 0.899175 0.040094 0.036557
0 0.056014 0.898585 0.036557 0.040094
0 0.083726 0.910967 0.035377 0.041274
0 0.030071 0.737618 0.036557 0.043632
0 0.096108 0.785377 0.048349 0.047170
0 0.091392 0.740566 0.036557 0.042453
0 0.556014 0.829599 0.036557 0.038915
0 0.605542 0.890920 0.038915 0.034198
0 0.836675 0.949882 0.036557 0.041274
0 0.408019 0.601415 0.042453 0.037736
0 0.498231 0.172170 0.043632 0.040094
0 0.529481 0.279481 0.054245 0.044811
0 0.227005 0.233491 0.043632 0.042453
0 0.915803 0.529793 0.036269 0.041451
0 0.220207 0.558938 0.020725 0.029793
0 0.545337 0.733808 0.033679 0.032383
0 0.204016 0.589378 0.029793 0.033679