0 0.390330 0.143868 0.044811 0.044811
0 0.439269 0.182783 0.045991 0.044811
0 0.478774 0.260024 0.044811 0.048349
0 0.399175 0.253538 0.038915 0.044811
0 0.433373 0.318986 0.050708 0.031840
0 0.719929 0.373231 0.060142 0.048349
0 0.879127 0.591392 0.048349 0.041274
0 0.929245 0.600236 0.049528 0.049528
0 0.967571 0.543042 0.050708 0.043632
0 0.949292 0.504127 0.044811 0.048349
0 0.367925 0.014151 0.044811 0.028302
0 0.542746 0.785622 0.036269 0.037565
0 0.568653 0.808290 0.020725 0.025907
0 0.135363 0.557642 0.032383 0.037565
0 0.088083 0.492876 0.031088 0.034974
0 0.354922 0.035622 0.031088 0.040155
0 0.202073 0.694301 0.025907 0.025907
0 0.199482 0.669689 0.028497 0.023316