0 0.700777 0.048575 0.028497 0.029793
0 0.744819 0.128886 0.031088 0.024611
0 0.683290 0.198834 0.027202 0.032383
0 0.637306 0.207902 0.028497 0.042746
0 0.663212 0.132124 0.028497 0.023316
0 0.495466 0.040155 0.029793 0.036269
0 0.522021 0.066710 0.033679 0.032383
0 0.518135 0.131477 0.031088 0.034974
0 0.308938 0.169041 0.029793 0.032383
0 0.434585 0.318005 0.029793 0.034974
0 0.496762 0.341321 0.040155 0.037565
0 0.511010 0.282383 0.032383 0.025907
0 0.841969 0.942358 0.023316 0.029793
0 0.519430 0.239637 0.036269 0.028497
0 0.109456 0.513601 0.034974 0.029793
0 0.946891 0.904145 0.038860 0.020725
0 0.966969 0.953368 0.024611 0.036269
0 0.926813 0.957902 0.032383 0.022021
0 0.922280 0.926166 0.018135 0.023316
0 0.863342 0.948834 0.024611 0.029793