0 0.577241 0.146666 0.041274 0.036856
0 0.501769 0.089623 0.045991 0.047170
0 0.431014 0.116156 0.041274 0.045991
0 0.366064 0.312619 0.026940 0.037974
0 0.704016 0.797759 0.040155 0.043632
0 0.714033 0.893278 0.053066 0.045991
0 0.837264 0.889741 0.042453 0.050708
0 0.854953 0.882665 0.042453 0.053066
0 0.981132 0.422759 0.037736 0.053066
0 0.981722 0.281840 0.036556 0.054245
0 0.882665 0.352005 0.055425 0.048349
0 0.484456 0.213083 0.023316 0.034974
0 0.659974 0.161917 0.024611 0.036269
0 0.927461 0.985751 0.020725 0.028497
0 0.823834 0.933290 0.036269 0.050518