0 0.145408 0.142857 0.034439 0.028061
0 0.295918 0.019133 0.036990 0.038265
0 0.331633 0.049745 0.029337 0.033163
0 0.343750 0.080357 0.035714 0.035714
0 0.403699 0.042092 0.030612 0.033163
0 0.444515 0.084184 0.033163 0.028061
0 0.368622 0.109694 0.034439 0.025510
0 0.420918 0.197704 0.031888 0.033163
0 0.551658 0.180485 0.028061 0.029337
0 0.661990 0.308036 0.044643 0.039541
0 0.526786 0.438138 0.036990 0.036990
0 0.630740 0.495536 0.033163 0.036990
0 0.700255 0.718112 0.034439 0.035714
0 0.758291 0.688776 0.028061 0.033163
0 0.616071 0.913265 0.026786 0.040816
0 0.499362 0.873724 0.035714 0.033163
0 0.338648 0.845026 0.028061 0.024235
0 0.355230 0.659439 0.035714 0.030612
0 0.376276 0.589923 0.031888 0.034439
0 0.218112 0.721301 0.036990 0.039541
0 0.306122 0.950893 0.039541 0.031888
0 0.109694 0.515306 0.029337 0.038265
0 0.287628 0.504464 0.033163 0.026786
0 0.172194 0.193878 0.039541 0.033163
0 0.250000 0.985969 0.039541 0.028061
0 0.021684 0.733418 0.034439 0.033163
0 0.052296 0.528061 0.034439 0.040816
0 0.113520 0.331633 0.036990 0.028061
0 0.015625 0.274872 0.031250 0.034439
0 0.169689 0.293394 0.033679 0.032383
0 0.149611 0.059585 0.037565 0.025907
0 0.131477 0.363342 0.027202 0.024611
0 0.160622 0.368523 0.033679 0.037565
0 0.125000 0.443653 0.037565 0.029793
0 0.397668 0.680699 0.038860 0.032383
0 0.610751 0.682642 0.034974 0.033679
0 0.766839 0.597798 0.031088 0.027202
0 0.918394 0.766839 0.033679 0.033679
0 0.913860 0.854922 0.029793 0.025907
0 0.926813 0.895725 0.034974 0.022021
0 0.867228 0.810233 0.032383 0.016839
0 0.683290 0.987694 0.032383 0.024611
0 0.625000 0.988342 0.029793 0.023316
0 0.225389 0.855570 0.041451 0.040155
0 0.124352 0.707254 0.038860 0.033679
0 0.119819 0.618523 0.037565 0.034974
0 0.150907 0.402202 0.032383 0.034974
0 0.009067 0.924223 0.018134 0.034974
0 0.015544 0.942358 0.031088 0.032383
0 0.454663 0.497409 0.033679 0.036269
0 0.819948 0.484456 0.038860 0.036269
0 0.937176 0.526554 0.024611 0.022021
0 0.906088 0.507124 0.024611 0.016839
0 0.863342 0.514896 0.027202 0.022021
0 0.683938 0.538212 0.025907 0.024611
0 0.719560 0.578368 0.019430 0.024611
0 0.500648 0.073834 0.027202 0.025907
0 0.744171 0.027850 0.029793 0.027202
0 0.774611 0.040803 0.025907 0.027202
0 0.726684 0.165155 0.028497 0.022021
0 0.946244 0.063472 0.024611 0.020725
0 0.290803 0.471503 0.034974 0.036269
0 0.626943 0.463083 0.025907 0.022021
0 0.269430 0.538860 0.028497 0.025907
0 0.312824 0.621114 0.022021 0.022021
0 0.209197 0.623057 0.027202 0.023316
0 0.217617 0.600389 0.023316 0.024611
0 0.337435 0.295337 0.040155 0.044041
0 0.480570 0.792746 0.033679 0.033679
0 0.748705 0.829016 0.033679 0.025907
0 0.792098 0.792746 0.022021 0.023316
0 0.859456 0.835492 0.027202 0.020725
0 0.693653 0.683290 0.027202 0.029793
0 0.762306 0.543394 0.037565 0.019430
0 0.750648 0.923575 0.027202 0.018135