0 0.220036 0.948220 0.067003 0.069683
0 0.283287 0.838068 0.053066 0.061642
0 0.204224 0.862725 0.040738 0.051994
0 0.142313 0.763025 0.054138 0.063786
0 0.172599 0.565234 0.042882 0.061642
0 0.126769 0.567110 0.041274 0.058962
0 0.291595 0.478666 0.034305 0.066467
0 0.251126 0.413004 0.051994 0.064858
0 0.040738 0.393975 0.063250 0.058962
0 0.370390 0.322684 0.053602 0.071827
0 0.287039 0.206636 0.054138 0.035913
0 0.344125 0.166434 0.065395 0.069147
0 0.461782 0.059766 0.070219 0.074507
0 0.862993 0.087907 0.037521 0.049314
0 0.926780 0.077455 0.030017 0.042346
0 0.961621 0.111492 0.042882 0.051458