0 0.009794 0.600401 0.019588 0.020044
0 0.028243 0.554391 0.015488 0.013666
0 0.012543 0.704082 0.025085 0.023810
0 0.068452 0.698554 0.017007 0.028061
0 0.612549 0.546040 0.025510 0.024295
0 0.635326 0.483479 0.016399 0.021866
0 0.662354 0.466472 0.023081 0.024295
0 0.741314 0.408771 0.029155 0.024295
0 0.658103 0.425474 0.023081 0.018829
0 0.801446 0.490768 0.021866 0.020651
0 0.762573 0.573980 0.026725 0.025510
0 0.685435 0.670554 0.024295 0.025510
0 0.913690 0.484269 0.023810 0.028061
0 0.950711 0.576257 0.025510 0.026421
0 0.407284 0.929583 0.015394 0.014514
0 0.070528 0.579607 0.020258 0.021759