0 0.245283 0.886792 0.044811 0.047170
0 0.219929 0.908019 0.050708 0.049528
0 0.755896 0.661557 0.070755 0.073113
0 0.637382 0.535967 0.060142 0.060142
0 0.347288 0.468750 0.060142 0.057783
0 0.309552 0.400943 0.053066 0.049528
0 0.343160 0.508255 0.047170 0.044811
0 0.973467 0.747052 0.053066 0.062500
0 0.850389 0.893135 0.066062 0.068653
0 0.818653 0.849741 0.041451 0.054404
0 0.562176 0.976684 0.062176 0.046632
0 0.525259 0.945596 0.045337 0.038860
0 0.528497 0.977332 0.023316 0.040155
0 0.299870 0.902202 0.032383 0.040155