0 0.010057 0.518217 0.020114 0.023221
0 0.027800 0.577904 0.034995 0.022894
0 0.057889 0.560897 0.029108 0.028781
0 0.076040 0.530481 0.018969 0.018969
0 0.143577 0.469649 0.036957 0.035976
0 0.160256 0.632849 0.022567 0.036630
0 0.209151 0.611427 0.024202 0.032378
0 0.086011 0.692912 0.045505 0.036542
0 0.296801 0.462945 0.034014 0.018642
0 0.353055 0.533098 0.025510 0.032051
0 0.421900 0.585754 0.030416 0.035322
0 0.485675 0.569401 0.025183 0.032051
0 0.488619 0.533261 0.025837 0.036303
0 0.550105 0.534897 0.024529 0.031724
0 0.515600 0.612408 0.020931 0.023875
0 0.546180 0.612735 0.024529 0.025837
0 0.625818 0.546344 0.025510 0.029108
0 0.580848 0.516091 0.014717 0.020277
0 0.571690 0.428768 0.034341 0.032705
0 0.551413 0.426478 0.039574 0.035322
0 0.616382 0.366623 0.027923 0.036197
0 0.772622 0.232593 0.032263 0.035264
0 0.968450 0.313063 0.026261 0.030387
0 0.908051 0.515831 0.021008 0.030762
0 0.845401 0.516582 0.026261 0.036014
0 0.723742 0.906272 0.047502 0.036506
0 0.794995 0.960811 0.043103 0.032987
0 0.819625 0.872845 0.041344 0.044423
0 0.228643 0.420270 0.047170 0.037343
0 0.014741 0.767820 0.029481 0.045860