0 0.092229 0.092965 0.037775 0.033850
0 0.159439 0.533016 0.033850 0.029925
0 0.085361 0.565640 0.043662 0.045133
0 0.066787 0.631555 0.033305 0.040037
0 0.112847 0.618977 0.038974 0.041808
0 0.116745 0.683992 0.026927 0.032242
0 0.233312 0.650687 0.034722 0.040037
0 0.274943 0.697988 0.028699 0.018424
0 0.656065 0.529954 0.021396 0.025510
0 0.699473 0.570894 0.022630 0.030036
0 0.741236 0.573980 0.023041 0.026333
0 0.775387 0.557727 0.022219 0.024276
0 0.791143 0.509877 0.024529 0.029435
0 0.801773 0.483713 0.024856 0.032051
0 0.821886 0.459674 0.027145 0.030416
0 0.836440 0.510858 0.023548 0.026164
0 0.875523 0.468995 0.026491 0.026818
0 0.835459 0.368753 0.029435 0.031070
0 0.862114 0.316588 0.024529 0.029435
0 0.921311 0.284864 0.027145 0.030089
0 0.940607 0.396062 0.024529 0.029435
0 0.831014 0.282931 0.028216 0.028602
0 0.984193 0.266491 0.021866 0.031888
0 0.813874 0.549451 0.023548 0.026818
0 0.198302 0.687779 0.029496 0.036272
0 0.037938 0.586408 0.032378 0.037284