0 0.373618 0.691964 0.022853 0.036139
0 0.418261 0.676286 0.026042 0.031356
0 0.430750 0.714020 0.029762 0.034545
0 0.476988 0.669111 0.020196 0.026573
0 0.535183 0.652370 0.027105 0.028168
0 0.584077 0.630580 0.017538 0.026042
0 0.623406 0.807026 0.022853 0.033482
0 0.841257 0.922426 0.023191 0.033627
0 0.872261 0.910163 0.016843 0.025336
0 0.487883 0.087372 0.025510 0.036990
0 0.596977 0.031888 0.030921 0.039811
0 0.015405 0.671215 0.030810 0.044894
0 0.915053 0.891725 0.039613 0.045775
0 0.945863 0.834507 0.034331 0.045775