0 0.099417 0.230338 0.051166 0.048758
0 0.054896 0.315295 0.050830 0.032145
0 0.083137 0.369693 0.036557 0.029481
0 0.107278 0.461268 0.047103 0.059329
0 0.155660 0.556014 0.051887 0.048349
0 0.071344 0.534198 0.050708 0.051887
0 0.030071 0.528302 0.048349 0.054245
0 0.015920 0.589033 0.031840 0.057783
0 0.110849 0.839623 0.047170 0.056604
0 0.063679 0.801887 0.051887 0.047170
0 0.042202 0.842363 0.042954 0.069161
0 0.112621 0.954724 0.067210 0.069826
0 0.073834 0.858161 0.023316 0.047927
0 0.426813 0.154793 0.019430 0.024611
0 0.408031 0.141839 0.020725 0.024611