0 0.025943 0.354953 0.040094 0.049528
0 0.135613 0.153892 0.056604 0.050708
0 0.170991 0.301297 0.056604 0.057783
0 0.314858 0.493514 0.054245 0.057783
0 0.249410 0.442217 0.048349 0.047170
0 0.202830 0.493514 0.047170 0.050708
0 0.360259 0.262972 0.060142 0.058962
0 0.548349 0.562500 0.051887 0.042453
0 0.581864 0.606070 0.041584 0.045308
0 0.637103 0.665343 0.039101 0.048411
0 0.670618 0.701341 0.030412 0.049652
0 0.719340 0.657274 0.039722 0.057100
0 0.749131 0.658205 0.034757 0.058962
0 0.843781 0.918570 0.040343 0.034757
0 0.914846 0.622517 0.048411 0.050894
0 0.940914 0.645482 0.040963 0.052135
0 0.891261 0.647344 0.053376 0.064548