0 0.573342 0.279974 0.030612 0.021684
0 0.635842 0.482781 0.025510 0.029337
0 0.603316 0.470663 0.031888 0.028061
0 0.401786 0.422194 0.026786 0.028061
0 0.438776 0.434311 0.019133 0.024235
0 0.407526 0.533163 0.028061 0.033163
0 0.426658 0.589923 0.030612 0.024235
0 0.431122 0.632653 0.026786 0.033163
0 0.447066 0.771684 0.028061 0.028061
0 0.496811 0.750638 0.025510 0.024235
0 0.475765 0.673469 0.021684 0.022959
0 0.708546 0.676020 0.030612 0.028061
0 0.705357 0.834184 0.026786 0.025510
0 0.710459 0.981505 0.031888 0.024235
0 0.895408 0.929847 0.019133 0.028061
0 0.674107 0.866709 0.028061 0.021684
0 0.707270 0.877551 0.020408 0.033163
0 0.478954 0.898597 0.028061 0.029337
0 0.547832 0.945153 0.020408 0.030612
0 0.109694 0.055485 0.024235 0.021684
0 0.457949 0.319083 0.020984 0.021807
0 0.594141 0.388825 0.027567 0.020573
0 0.557933 0.342948 0.018515 0.014401
0 0.514936 0.217865 0.020573 0.025922
0 0.533657 0.913224 0.022630 0.022630
0 0.012324 0.445423 0.024648 0.028169
0 0.015845 0.534771 0.031690 0.034331
0 0.760563 0.888204 0.033451 0.022887
0 0.752201 0.911532 0.034331 0.030810
0 0.679137 0.975792 0.022007 0.022007
0 0.709947 0.959067 0.025528 0.016725
0 0.707746 0.925616 0.017606 0.020246
0 0.458187 0.921655 0.030810 0.026408
0 0.642606 0.722711 0.033451 0.024648
0 0.655370 0.696743 0.041373 0.018486
0 0.670335 0.739437 0.030810 0.026408
0 0.007772 0.391584 0.015544 0.026691
0 0.484155 0.198944 0.021127 0.028169
0 0.403169 0.242518 0.026408 0.018486
0 0.357835 0.245158 0.029049 0.027289
0 0.360035 0.290053 0.028169 0.020246
0 0.389965 0.362676 0.029930 0.029930
0 0.436180 0.330106 0.018486 0.026408
0 0.536532 0.380282 0.025528 0.028169
0 0.536532 0.352553 0.027289 0.025528
0 0.522887 0.560739 0.024648 0.028169
0 0.548856 0.693222 0.022007 0.029049
0 0.619718 0.639525 0.031690 0.032570
0 0.356954 0.897007 0.034331 0.022887
0 0.176496 0.851232 0.030810 0.035211
0 0.006602 0.264525 0.013204 0.029049
0 0.063820 0.011004 0.032570 0.022007
0 0.146373 0.080959 0.015544 0.024611
0 0.126295 0.092617 0.029793 0.022021
0 0.059585 0.038212 0.028497 0.024611
0 0.102332 0.153497 0.023316 0.027202
0 0.548575 0.084845 0.027202 0.022021
0 0.301166 0.244171 0.024611 0.024611
0 0.978627 0.977979 0.042746 0.028497
0 0.490285 0.830959 0.029793 0.022021
0 0.510363 0.926813 0.023316 0.024611
0 0.779145 0.109456 0.016839 0.019430
0 0.550518 0.325130 0.023316 0.020725