0 0.482275 0.220575 0.027270 0.025950
0 0.521420 0.243007 0.028149 0.024191
0 0.488872 0.252903 0.025510 0.029029
0 0.456545 0.271816 0.031228 0.021992
0 0.285851 0.460778 0.027332 0.025966
0 0.356687 0.435496 0.024144 0.030066
0 0.352132 0.470117 0.025055 0.032799
0 0.368304 0.507471 0.022777 0.030066
0 0.599945 0.824754 0.030521 0.033254
0 0.601312 0.758929 0.033254 0.027332
0 0.174803 0.438312 0.035946 0.034787
0 0.246864 0.157313 0.032951 0.024447
0 0.753660 0.866792 0.027174 0.034383
0 0.434859 0.439701 0.035211 0.044894