0 0.722877 0.368514 0.077830 0.062500
0 0.886203 0.382665 0.071934 0.081368
0 0.862028 0.440448 0.066038 0.067217
0 0.913915 0.530660 0.051887 0.058962
0 0.566627 0.635024 0.062500 0.050708
0 0.532429 0.654481 0.053066 0.047170
0 0.125648 0.950777 0.049223 0.049223
0 0.329599 0.981132 0.041274 0.037736
0 0.836085 0.859670 0.070755 0.063679
0 0.910377 0.904481 0.068396 0.073113
0 0.837264 0.973467 0.075472 0.050708
0 0.849057 0.920991 0.077830 0.056604
0 0.774764 0.772995 0.054245 0.057783
0 0.741156 0.762972 0.045991 0.054245