0 0.444037 0.719866 0.037468 0.031888
0 0.302934 0.875319 0.034279 0.033482
0 0.314094 0.984295 0.037468 0.031409
0 0.167809 0.827886 0.028699 0.031091
0 0.138712 0.908801 0.031091 0.035077
0 0.835061 0.876515 0.033482 0.040657
0 0.799016 0.698342 0.039176 0.040999
0 0.979543 0.598509 0.040914 0.037284
0 0.862441 0.460165 0.038265 0.037284
0 0.974784 0.441032 0.041209 0.036303
0 0.648517 0.507015 0.036671 0.030293
0 0.699936 0.420121 0.037468 0.035077
0 0.705915 0.386639 0.030293 0.031888
0 0.776068 0.288584 0.043048 0.033482
0 0.628189 0.293367 0.045440 0.036671
0 0.759327 0.190928 0.041454 0.035874
0 0.762915 0.086496 0.043846 0.037468
0 0.435391 0.104984 0.025510 0.024529
0 0.286671 0.289860 0.031888 0.029974
0 0.279762 0.791667 0.024660 0.018707
0 0.090197 0.770773 0.024599 0.018222
0 0.546632 0.455959 0.025907 0.031088
0 0.622409 0.466969 0.024611 0.024611
0 0.823187 0.014896 0.045337 0.029792
0 0.639249 0.026554 0.034974 0.027202
0 0.845207 0.105570 0.032383 0.029793
0 0.818653 0.197539 0.025907 0.024611
0 0.972150 0.163212 0.037565 0.046632
0 0.805052 0.983161 0.045337 0.033678
0 0.807642 0.897021 0.029793 0.034974
0 0.969560 0.985104 0.027202 0.029792
0 0.589378 0.759715 0.033679 0.024611
0 0.831606 0.803109 0.036269 0.023316
0 0.334197 0.205959 0.028497 0.033679
0 0.395078 0.066062 0.025907 0.038860
0 0.224093 0.090674 0.038860 0.031088
0 0.194948 0.914508 0.027202 0.028497
0 0.631477 0.066710 0.034974 0.024611
0 0.312824 0.391192 0.022021 0.031088
0 0.938472 0.402202 0.045337 0.040155
0 0.752591 0.990933 0.033679 0.018134
0 0.930699 0.990285 0.053109 0.019430
0 0.896373 0.510363 0.020725 0.025907
0 0.193653 0.976684 0.022021 0.020725