0 0.064261 0.442782 0.056338 0.051056
0 0.086708 0.378521 0.062500 0.061620
0 0.348592 0.398768 0.056338 0.058099
0 0.410651 0.430018 0.051937 0.060739
0 0.593750 0.448504 0.064261 0.067782
0 0.600352 0.524648 0.066901 0.061620
0 0.660211 0.550616 0.065141 0.051937
0 0.702465 0.483715 0.058099 0.057218
0 0.807218 0.547535 0.061620 0.072183
0 0.780810 0.568662 0.059859 0.066901
0 0.894815 0.580787 0.064242 0.061223
0 0.925176 0.502201 0.061620 0.081866
0 0.041813 0.867518 0.055458 0.055458
0 0.110475 0.893926 0.066021 0.067782
0 0.048856 0.921215 0.044894 0.062500
0 0.029489 0.971831 0.055458 0.044014
0 0.117228 0.529145 0.037565 0.037565