0 0.920107 0.024061 0.040005 0.048122
0 0.819225 0.231041 0.048122 0.043483
0 0.856621 0.275684 0.037106 0.036526
0 0.910830 0.451647 0.041164 0.048701
0 0.948806 0.478026 0.035946 0.042324
0 0.931992 0.572530 0.038265 0.048122
0 0.837828 0.608965 0.030248 0.038630
0 0.885933 0.690598 0.027332 0.034257
0 0.640117 0.791761 0.034486 0.048186
0 0.781368 0.934193 0.040155 0.052438
0 0.951028 0.861742 0.023964 0.026670
0 0.987496 0.891504 0.025008 0.035946
0 0.786033 0.465561 0.038265 0.048469
0 0.402731 0.340608 0.023621 0.033069
0 0.429658 0.314862 0.033069 0.038265
0 0.478316 0.316988 0.034014 0.043462
0 0.346841 0.398106 0.028944 0.034831
0 0.876154 0.068331 0.038873 0.029762
0 0.687176 0.775259 0.037565 0.068653
0 0.886010 0.905440 0.020725 0.028497
0 0.867228 0.922927 0.022021 0.032383