0 0.417098 0.060881 0.108808 0.095855
0 0.375000 0.140544 0.084197 0.068653
0 0.472798 0.154793 0.069948 0.081606
0 0.457254 0.246762 0.041451 0.047927
0 0.628886 0.184585 0.102332 0.099741
0 0.770078 0.594560 0.058290 0.132124
0 0.817358 0.649611 0.072539 0.091969
0 0.927461 0.823187 0.095855 0.086788
0 0.912565 0.884067 0.047927 0.045337
0 0.764249 0.313472 0.064767 0.041451
0 0.723446 0.259715 0.079016 0.060881
0 0.648964 0.338083 0.064767 0.056995
0 0.600389 0.273964 0.027202 0.081606
0 0.628886 0.265544 0.053109 0.059585