0 0.419454 0.378081 0.060739 0.058979
0 0.422535 0.313820 0.052817 0.062500
0 0.445423 0.253081 0.054577 0.058979
0 0.480634 0.301496 0.054577 0.051937
0 0.375880 0.110475 0.047535 0.051937
0 0.339349 0.142606 0.053697 0.051056
0 0.273768 0.082306 0.059859 0.058979
0 0.249120 0.171215 0.051056 0.039613
0 0.247799 0.201585 0.055458 0.033451
0 0.584067 0.513204 0.051937 0.070423
0 0.704665 0.633363 0.048415 0.057218
0 0.758803 0.525088 0.047535 0.048415
0 0.524208 0.521567 0.051937 0.066021
0 0.896127 0.846391 0.058099 0.067782
0 0.320423 0.379842 0.063380 0.053697
0 0.336708 0.323944 0.060739 0.065141
0 0.275968 0.224472 0.048415 0.042254
0 0.970070 0.931778 0.059859 0.055458