0 0.450844 0.550922 0.039246 0.042190
0 0.503152 0.910273 0.030048 0.028944
0 0.277272 0.622267 0.021866 0.027332
0 0.393730 0.346402 0.025510 0.034909
0 0.500470 0.264165 0.021482 0.020811
0 0.474288 0.231270 0.038937 0.050349
0 0.764970 0.327269 0.030881 0.040951
0 0.438708 0.119831 0.028195 0.031552
0 0.541421 0.077538 0.041622 0.039608
0 0.707908 0.055384 0.032223 0.039608
0 0.249681 0.186224 0.026786 0.029337
0 0.217417 0.199443 0.020292 0.023191
0 0.206111 0.231621 0.018553 0.027250
0 0.234694 0.225255 0.011735 0.021939
0 0.934311 0.016475 0.045706 0.032950
0 0.154937 0.238220 0.013505 0.020258
0 0.548856 0.957746 0.039613 0.044014