0 0.100352 0.733715 0.061620 0.066021
0 0.114437 0.692342 0.049296 0.057218
0 0.082306 0.613996 0.064261 0.060739
0 0.080106 0.547535 0.077465 0.079225
0 0.152289 0.435739 0.070423 0.073944
0 0.028169 0.719630 0.051056 0.071303
0 0.296215 0.177377 0.066021 0.067782
0 0.273327 0.106074 0.062500 0.064261
0 0.114437 0.212588 0.088028 0.076585
0 0.727113 0.148327 0.054577 0.050176
0 0.848151 0.190141 0.046655 0.045775
0 0.785211 0.222271 0.044014 0.043134
0 0.711268 0.440141 0.061620 0.036972
0 0.686567 0.669541 0.044119 0.052110
0 0.561180 0.609155 0.067782 0.056338