0 0.173105 0.676931 0.055576 0.036443
0 0.638666 0.820882 0.044643 0.034621
0 0.627278 0.951622 0.032799 0.035532
0 0.974399 0.619989 0.029155 0.042821
0 0.968021 0.666454 0.030977 0.039176
0 0.950680 0.782738 0.034864 0.036565
0 0.456337 0.848442 0.043048 0.039632
0 0.576713 0.941372 0.031432 0.036899
0 0.496538 0.962782 0.035077 0.043276
0 0.442177 0.949458 0.045174 0.035608
0 0.420387 0.982834 0.031356 0.034332
0 0.138028 0.822249 0.034621 0.035532
0 0.146380 0.915634 0.036747 0.043732
0 0.228175 0.974702 0.030471 0.036139
0 0.931973 0.618622 0.041667 0.046769
0 0.993410 0.830357 0.013180 0.036565
0 0.987457 0.866922 0.025085 0.039966
0 0.980655 0.904337 0.038690 0.034864
0 0.895833 0.969947 0.042517 0.035132
0 0.756988 0.965228 0.029392 0.032720
0 0.741789 0.976164 0.030293 0.026307
0 0.100078 0.898254 0.032378 0.048077
0 0.031803 0.981865 0.040021 0.036269
0 0.353627 0.894430 0.033679 0.042746
0 0.742876 0.928109 0.040155 0.037565
0 0.706606 0.983161 0.037565 0.033678
0 0.981218 0.747409 0.027202 0.044041
0 0.172280 0.937824 0.025907 0.046632