0 0.355442 0.751276 0.024660 0.026361
0 0.750425 0.791667 0.022109 0.020408
0 0.771684 0.795068 0.011905 0.018707
0 0.881803 0.862670 0.021259 0.031463
0 0.470855 0.792098 0.029793 0.032383
0 0.718912 0.764249 0.023316 0.028497
0 0.704663 0.782383 0.028497 0.023316
0 0.691062 0.763601 0.027202 0.027202
0 0.906088 0.721503 0.027202 0.015544
0 0.965674 0.851036 0.022021 0.031088
0 0.612694 0.763601 0.028497 0.024611
0 0.568653 0.777850 0.018135 0.029793
0 0.497409 0.666451 0.028497 0.027202
0 0.586140 0.803109 0.027202 0.038860
0 0.844560 0.869819 0.025907 0.032383