0 0.053109 0.011658 0.041451 0.023316
0 0.067358 0.114637 0.031088 0.029793
0 0.149611 0.219560 0.024611 0.024611
0 0.439767 0.331606 0.037565 0.033679
0 0.327720 0.433938 0.036269 0.038860
0 0.180699 0.494819 0.029793 0.036269
0 0.243523 0.570596 0.028497 0.037565
0 0.334845 0.533679 0.029793 0.041451
0 0.360751 0.534974 0.032383 0.031088
0 0.398316 0.573187 0.034974 0.037565
0 0.698187 0.509715 0.031088 0.032383
0 0.575130 0.584197 0.028497 0.020725
0 0.560881 0.599741 0.036269 0.038860
0 0.533031 0.577073 0.032383 0.027202
0 0.526554 0.651554 0.034974 0.038860
0 0.409974 0.816710 0.027202 0.029793
0 0.968264 0.858808 0.034974 0.038860
0 0.919689 0.857513 0.041451 0.038860
0 0.930052 0.783679 0.031088 0.033679
0 0.946891 0.746762 0.033679 0.029793
0 0.954663 0.718264 0.028497 0.027202
0 0.901554 0.731218 0.031088 0.022021
0 0.913212 0.711788 0.033679 0.024611
0 0.924870 0.613342 0.033679 0.037565
0 0.917098 0.645078 0.033679 0.033679
0 0.853627 0.462435 0.031088 0.041451
0 0.856218 0.595855 0.025907 0.036269
0 0.908031 0.014896 0.036269 0.029792
0 0.579663 0.470207 0.016839 0.025907