0 0.069542 0.475352 0.068662 0.056338
0 0.573944 0.536532 0.051056 0.046655
0 0.497799 0.665493 0.064261 0.065141
0 0.567342 0.677817 0.046655 0.056338
0 0.590229 0.501761 0.043134 0.058099
0 0.625880 0.503961 0.036972 0.055458
0 0.636444 0.258803 0.054577 0.036972
0 0.293134 0.132923 0.036972 0.033451
0 0.330546 0.223592 0.043134 0.047535
0 0.262764 0.165493 0.043134 0.038732
0 0.283891 0.033891 0.041373 0.039613
0 0.184859 0.057658 0.038732 0.036092
0 0.236356 0.024208 0.036092 0.039613
0 0.077025 0.017606 0.043134 0.033451
0 0.051937 0.039173 0.047535 0.050176
0 0.491580 0.443005 0.040155 0.044041
0 0.365285 0.541451 0.023316 0.049223