0 0.316043 0.205853 0.050312 0.057398
0 0.271400 0.246953 0.027636 0.033305
0 0.721992 0.048097 0.031888 0.032419
0 0.774607 0.249256 0.030825 0.031888
0 0.854060 0.367506 0.022853 0.033482
0 0.931654 0.403646 0.016475 0.035608
0 0.425255 0.621684 0.033673 0.042347
0 0.091412 0.638464 0.021967 0.035431
0 0.141251 0.616497 0.019369 0.032124
0 0.197468 0.879393 0.034486 0.033541
0 0.123299 0.876087 0.030707 0.029762
0 0.574490 0.607398 0.032143 0.041327
0 0.530867 0.526786 0.027551 0.030102
0 0.598592 0.683979 0.029930 0.036972
0 0.547975 0.635563 0.027289 0.035211
0 0.091109 0.893926 0.018486 0.030810
0 0.078785 0.906250 0.023768 0.036092
0 0.062500 0.893046 0.024648 0.037852