0 0.078002 0.948783 0.021586 0.029435
0 0.555427 0.604418 0.027250 0.034207
0 0.627029 0.427586 0.019712 0.029569
0 0.665005 0.432804 0.019133 0.033047
0 0.814297 0.489042 0.027829 0.036526
0 0.896445 0.251913 0.014349 0.022321
0 0.974570 0.198501 0.023916 0.027105
0 0.646923 0.208068 0.036671 0.035077
0 0.651307 0.274633 0.024713 0.034279
0 0.806347 0.399611 0.027202 0.040155
0 0.839378 0.444948 0.033679 0.034974
0 0.947539 0.189767 0.029793 0.032383
0 0.955959 0.130181 0.028497 0.032383
0 0.122409 0.914508 0.024611 0.036269