0 0.434099 0.907738 0.022109 0.024660
0 0.759779 0.987245 0.040816 0.025510
0 0.763180 0.885204 0.042517 0.037415
0 0.821854 0.809949 0.037415 0.033163
0 0.762330 0.705357 0.042517 0.033163
0 0.872358 0.563047 0.036443 0.029155
0 0.888302 0.622722 0.039176 0.028243
0 0.978423 0.688244 0.034014 0.028699
0 0.977237 0.100569 0.042190 0.036303
0 0.225207 0.891661 0.033482 0.029496
0 0.264085 0.798856 0.005282 0.002641
0 0.280810 0.805018 0.042254 0.027289
0 0.356514 0.740757 0.031690 0.034331
0 0.524208 0.681778 0.043134 0.039613
0 0.699384 0.881162 0.029049 0.038732
0 0.638644 0.823944 0.034331 0.036972
0 0.842430 0.903609 0.035211 0.037852
0 0.967430 0.964789 0.044014 0.049296
0 0.829665 0.990757 0.051937 0.018486
0 0.981074 0.340229 0.030810 0.041373
0 0.323504 0.446303 0.041373 0.029930
0 0.536532 0.490317 0.039613 0.036972
0 0.573504 0.458627 0.053697 0.040493
0 0.672975 0.451585 0.034331 0.021127
0 0.671655 0.470951 0.040493 0.024648
0 0.442782 0.514085 0.038732 0.029930
0 0.414173 0.544454 0.027289 0.037852
0 0.547975 0.386444 0.032570 0.033451
0 0.394806 0.867077 0.032570 0.042254
0 0.985751 0.639249 0.028497 0.034974
0 0.946244 0.647668 0.037565 0.046632
0 0.933290 0.599093 0.037565 0.019430
0 0.944301 0.574482 0.038860 0.029793
0 0.306347 0.797927 0.032383 0.036269
0 0.633420 0.870466 0.033679 0.028497
0 0.731218 0.787565 0.037565 0.028497
0 0.865285 0.834197 0.025907 0.025907
0 0.496114 0.038212 0.036269 0.032383