0 0.755102 0.405612 0.036990 0.051020
0 0.783801 0.390944 0.038265 0.054847
0 0.837372 0.410077 0.051020 0.067602
0 0.917730 0.459184 0.030612 0.058673
0 0.792730 0.478954 0.048469 0.065051
0 0.864796 0.500638 0.052296 0.059949
0 0.635842 0.367985 0.053571 0.047194
0 0.738342 0.270725 0.069948 0.059585
0 0.532383 0.369819 0.046632 0.060881
0 0.024611 0.233161 0.049222 0.051813
0 0.024611 0.198187 0.049222 0.054404
0 0.836788 0.698834 0.064767 0.050518
0 0.892487 0.701425 0.056995 0.063472
0 0.905440 0.354922 0.054404 0.049223
0 0.365285 0.093264 0.038860 0.033679