0 0.075549 0.665228 0.075549 0.064757
0 0.424352 0.208006 0.051020 0.052983
0 0.390993 0.245781 0.045133 0.050039
0 0.363520 0.185930 0.035322 0.044152
0 0.319368 0.172684 0.045133 0.054945
0 0.387271 0.026610 0.053659 0.043543
0 0.439831 0.047502 0.050581 0.058058
0 0.472818 0.024191 0.032987 0.042224
0 0.817744 0.225694 0.034722 0.041808
0 0.894983 0.383929 0.049320 0.056973
0 0.974915 0.326531 0.044218 0.039116
0 0.762472 0.464498 0.048895 0.044643
0 0.807115 0.507370 0.044643 0.049603
0 0.842191 0.509850 0.026927 0.044643
0 0.870723 0.582233 0.052521 0.055522
0 0.760054 0.631378 0.045768 0.062275
0 0.814826 0.641507 0.054772 0.064526
0 0.027742 0.637755 0.055484 0.096939
0 0.988342 0.571244 0.023316 0.056995
0 0.918394 0.575777 0.064767 0.045337
0 0.898964 0.623057 0.056995 0.064767
0 0.794041 0.706606 0.041451 0.063472
0 0.806995 0.602332 0.054404 0.051813
0 0.302461 0.242876 0.055699 0.058290
0 0.836140 0.242228 0.045337 0.059585
0 0.841969 0.404793 0.041451 0.050518
0 0.825130 0.365933 0.046632 0.047927
0 0.700777 0.664508 0.033679 0.041451