0 0.407429 0.295401 0.048349 0.067217
0 0.236439 0.234670 0.053066 0.051887
0 0.099646 0.225236 0.050708 0.051887
0 0.067217 0.191038 0.049528 0.051887
0 0.030660 0.255307 0.037736 0.041274
0 0.024175 0.206368 0.048349 0.075472
0 0.795991 0.351415 0.044811 0.044811
0 0.579599 0.308962 0.050708 0.054245
0 0.452241 0.327830 0.050708 0.054245
0 0.892099 0.472288 0.038915 0.048349
0 0.870873 0.525943 0.036557 0.051887
0 0.804835 0.478184 0.038915 0.041274
0 0.703420 0.403892 0.043632 0.043632
0 0.899764 0.333137 0.054245 0.057783