0 0.640405 0.271567 0.037852 0.053697
0 0.655810 0.174296 0.033451 0.044014
0 0.429577 0.261004 0.040493 0.039613
0 0.196303 0.093310 0.042254 0.042254
0 0.153609 0.064261 0.037852 0.029930
0 0.261004 0.020246 0.025528 0.029930
0 0.088028 0.102553 0.031690 0.029049
0 0.065581 0.121479 0.027289 0.031690
0 0.121039 0.081426 0.016725 0.025528
0 0.141285 0.370158 0.030810 0.044894
0 0.110475 0.466989 0.032570 0.036092
0 0.069542 0.480634 0.028169 0.036972
0 0.557658 0.983715 0.046655 0.032570
0 0.582306 0.931778 0.055458 0.055458