0 0.115933 0.041451 0.045337 0.051813
0 0.196891 0.949482 0.033679 0.049223
0 0.102979 0.972150 0.032383 0.040155
0 0.036917 0.987694 0.042746 0.024611
0 0.814119 0.535622 0.019430 0.022021
0 0.814767 0.496762 0.015544 0.019430
0 0.782383 0.489637 0.018135 0.020725
0 0.668394 0.500648 0.015544 0.019430
0 0.525259 0.514896 0.019430 0.016839
0 0.511658 0.540155 0.018135 0.018135
0 0.514896 0.563472 0.022021 0.025907
0 0.717617 0.417746 0.018135 0.016839
0 0.706606 0.409326 0.019430 0.018135
0 0.818653 0.686528 0.023316 0.018135
0 0.219560 0.587435 0.029793 0.053109
0 0.196244 0.503238 0.029793 0.045337
0 0.987694 0.975389 0.024611 0.049222