0 0.294374 0.515575 0.026853 0.030881
0 0.555183 0.549812 0.026182 0.036251
0 0.472610 0.360499 0.028867 0.029538
0 0.545448 0.338010 0.025510 0.027524
0 0.419576 0.372248 0.038265 0.032895
0 0.120683 0.378238 0.028454 0.024529
0 0.091677 0.370695 0.019930 0.020727
0 0.121173 0.414142 0.023119 0.027902
0 0.145886 0.452408 0.027902 0.039062
0 0.088887 0.488680 0.020727 0.030293
0 0.064573 0.567602 0.019930 0.020727
0 0.104831 0.553253 0.017538 0.031888
0 0.119579 0.542889 0.023119 0.035077
0 0.070950 0.613042 0.021524 0.027105
0 0.073740 0.653699 0.014349 0.023916
0 0.084901 0.732621 0.015944 0.028699
0 0.122768 0.707908 0.019930 0.027105
0 0.136320 0.736209 0.021524 0.029496
0 0.207669 0.759726 0.025510 0.027105
0 0.699405 0.948484 0.030471 0.043226
0 0.734127 0.904195 0.023384 0.032596
0 0.769912 0.867701 0.026927 0.030471
0 0.770266 0.922973 0.037557 0.033305
0 0.114158 0.955782 0.040816 0.039116
0 0.323129 0.985119 0.034864 0.029762
0 0.604592 0.926871 0.034864 0.040816
0 0.759434 0.532429 0.049528 0.045991
0 0.247642 0.966392 0.051887 0.045991
0 0.546632 0.532383 0.025907 0.038860
0 0.034326 0.417098 0.019430 0.028497
0 0.023964 0.634067 0.019430 0.024611
0 0.056995 0.759715 0.023316 0.032383
0 0.041451 0.610104 0.020725 0.031088
0 0.049870 0.639896 0.016839 0.031088