0 0.209928 0.195844 0.033482 0.040923
0 0.334024 0.212851 0.040391 0.048363
0 0.386639 0.062181 0.038265 0.034014
0 0.538637 0.109481 0.031888 0.046769
0 0.584875 0.292570 0.035077 0.036671
0 0.608790 0.321801 0.026573 0.038797
0 0.323926 0.428359 0.044643 0.034014
0 0.368569 0.601616 0.035077 0.038265
0 0.244739 0.711363 0.030825 0.033482
0 0.403380 0.281144 0.034545 0.042517
0 0.561779 0.498558 0.030501 0.031056
0 0.283163 0.635204 0.023980 0.035714
0 0.315306 0.613520 0.029082 0.041327
0 0.017248 0.510494 0.034496 0.050441
0 0.027123 0.067217 0.054245 0.075472
0 0.067807 0.870873 0.064858 0.064858
0 0.077720 0.450777 0.046632 0.056995
0 0.075777 0.200777 0.032383 0.056995
0 0.343264 0.855570 0.031088 0.053109
0 0.276554 0.834197 0.016839 0.046632
0 0.257772 0.786917 0.020725 0.032383
0 0.125000 0.602979 0.063472 0.060881
0 0.278497 0.011658 0.038860 0.023316
0 0.650907 0.168394 0.029793 0.044041
0 0.641192 0.135363 0.025907 0.045337