0 0.204719 0.472577 0.025510 0.031888
0 0.634566 0.386480 0.033163 0.038265
0 0.656888 0.421556 0.026786 0.029337
0 0.758929 0.531888 0.031888 0.038265
0 0.721939 0.616709 0.029337 0.034439
0 0.560587 0.559949 0.038265 0.028061
0 0.172832 0.954082 0.038265 0.033163
0 0.019430 0.896373 0.038860 0.031088
0 0.569948 0.779145 0.038860 0.027202
0 0.597798 0.754534 0.027202 0.034974
0 0.534326 0.748705 0.034974 0.031088
0 0.877591 0.580311 0.034974 0.036269
0 0.837435 0.533031 0.032383 0.032383
0 0.854313 0.631162 0.030810 0.029930
0 0.418134 0.945863 0.033451 0.030810
0 0.283891 0.930458 0.023768 0.029930