0 0.132653 0.197704 0.042092 0.033163
0 0.171556 0.187500 0.025510 0.028061
0 0.036352 0.079082 0.033163 0.040816
0 0.073980 0.350128 0.044643 0.036990
0 0.064413 0.468112 0.028061 0.022959
0 0.074617 0.824617 0.028061 0.021684
0 0.057398 0.757653 0.021684 0.022959
0 0.045281 0.890944 0.028061 0.021684
0 0.023597 0.938776 0.028061 0.022959
0 0.746811 0.142857 0.030612 0.020408
0 0.742347 0.165816 0.026786 0.020408
0 0.550383 0.295281 0.030612 0.021684
0 0.580995 0.233418 0.025510 0.025510
0 0.016839 0.189119 0.033678 0.054404
0 0.012306 0.099741 0.024611 0.041451
0 0.032383 0.397021 0.033679 0.029793
0 0.059585 0.209845 0.031088 0.020725