0 0.418632 0.255896 0.044811 0.037736
0 0.330189 0.166863 0.040094 0.034198
0 0.306014 0.235849 0.053066 0.033019
0 0.469929 0.251769 0.034198 0.036557
0 0.515330 0.261792 0.025943 0.030660
0 0.791274 0.056014 0.044811 0.050708
0 0.868514 0.112028 0.041274 0.035377
0 0.943396 0.060142 0.040094 0.035377
0 0.307783 0.837264 0.042453 0.040094
0 0.119104 0.850825 0.037736 0.041274
0 0.248231 0.932783 0.031840 0.037736
0 0.265330 0.968750 0.040094 0.038915
0 0.324882 0.936910 0.045991 0.043632
0 0.298939 0.960495 0.034198 0.034198
0 0.463443 0.490566 0.035377 0.037736
0 0.442807 0.086085 0.038915 0.049528
0 0.396226 0.189269 0.040094 0.038915
0 0.849093 0.009715 0.034974 0.019430
0 0.950777 0.226684 0.025907 0.044041