0 0.250638 0.191327 0.045918 0.040816
0 0.304847 0.147321 0.036990 0.021684
0 0.495536 0.078444 0.038265 0.034439
0 0.616071 0.114158 0.026786 0.039541
0 0.346939 0.242347 0.026786 0.022959
0 0.531250 0.422832 0.028061 0.026786
0 0.492347 0.466837 0.021684 0.030612
0 0.559949 0.616709 0.026786 0.034439
0 0.791454 0.396046 0.030612 0.029337
0 0.804847 0.447066 0.034439 0.021684
0 0.678571 0.192602 0.024235 0.025510
0 0.621173 0.188138 0.021684 0.024235
0 0.434311 0.328444 0.040816 0.024235
0 0.441964 0.657526 0.028061 0.029337
0 0.110035 0.314701 0.035211 0.043134
0 0.185739 0.392165 0.024648 0.025528
0 0.335387 0.041813 0.031690 0.029049
0 0.224912 0.054137 0.039613 0.041373
0 0.136444 0.179577 0.035211 0.026408
0 0.083627 0.205986 0.038732 0.033451
0 0.009243 0.127641 0.018486 0.040493
0 0.236356 0.801496 0.032570 0.039613
0 0.220951 0.878961 0.036972 0.034331
0 0.457746 0.532130 0.035211 0.043134
0 0.670984 0.580959 0.020725 0.024611
0 0.529145 0.201425 0.024611 0.029793
0 0.387306 0.270725 0.023316 0.023316
0 0.912565 0.053756 0.029793 0.024611
0 0.929404 0.092617 0.029793 0.016839
0 0.859456 0.039508 0.022021 0.022021
0 0.748705 0.027850 0.028497 0.022021
0 0.795984 0.264249 0.034974 0.023316
0 0.755829 0.259715 0.034974 0.029793
0 0.718912 0.921632 0.031088 0.024611
0 0.479922 0.938472 0.032383 0.027202
0 0.545337 0.309585 0.020725 0.020725
0 0.522021 0.334197 0.018135 0.018135
0 0.567358 0.363990 0.020725 0.018135
0 0.748705 0.124352 0.025907 0.018135
0 0.738342 0.107513 0.020725 0.018135
0 0.866580 0.007772 0.031088 0.015544
0 0.809585 0.534326 0.031088 0.022021
0 0.332254 0.577073 0.027202 0.027202
0 0.211788 0.286917 0.022021 0.024611