0 0.455986 0.506162 0.040493 0.047535
0 0.612676 0.480634 0.036972 0.047535
0 0.590669 0.234595 0.029930 0.050176
0 0.834067 0.563820 0.041373 0.041373
0 0.740757 0.555898 0.050176 0.044894
0 0.566461 0.713468 0.036092 0.034331
0 0.505282 0.747359 0.029930 0.035211
0 0.483715 0.764525 0.027289 0.046655
0 0.505282 0.783011 0.028169 0.029049
0 0.922095 0.871919 0.036092 0.036092
0 0.884243 0.885123 0.034331 0.025528
0 0.908011 0.909331 0.032570 0.029930
0 0.911532 0.967430 0.030810 0.029930
0 0.304137 0.793134 0.043134 0.052817
0 0.012324 0.824384 0.024648 0.039613