0 0.541451 0.693662 0.036269 0.049296
0 0.308539 0.751320 0.043134 0.050176
0 0.332746 0.968310 0.061620 0.054577
0 0.498239 0.917694 0.033451 0.044894
0 0.514525 0.529489 0.060739 0.044894
0 0.534771 0.352553 0.048415 0.073063
0 0.557218 0.240757 0.049296 0.066021
0 0.610475 0.315581 0.050176 0.058979
0 0.723151 0.268926 0.062500 0.069542
0 0.740317 0.141285 0.049296 0.051937
0 0.779049 0.078345 0.049296 0.051056
0 0.798856 0.061180 0.046655 0.041373
0 0.825704 0.029489 0.061620 0.046655
0 0.755722 0.020246 0.048415 0.040492
0 0.639525 0.136004 0.051937 0.046655