0 0.105230 0.085698 0.023119 0.035874
0 0.114796 0.137117 0.029496 0.031888
0 0.229193 0.234774 0.031888 0.032685
0 0.524952 0.023916 0.019133 0.030293
0 0.511798 0.410156 0.029496 0.040657
0 0.223923 0.716412 0.030471 0.038265
0 0.154124 0.786919 0.038265 0.038974
0 0.538903 0.877268 0.041100 0.046769
0 0.437571 0.919076 0.026927 0.029762
0 0.934557 0.816817 0.039246 0.038265
0 0.973312 0.281133 0.032378 0.032440
0 0.810799 0.110119 0.027211 0.039966
0 0.971514 0.121599 0.030612 0.042517
0 0.983958 0.171213 0.032084 0.026491
0 0.269819 0.115777 0.024529 0.027473
0 0.159929 0.218799 0.022567 0.023548
0 0.706997 0.854136 0.033710 0.039176
0 0.250975 0.984769 0.025510 0.021759
0 0.210084 0.795318 0.021759 0.019508
0 0.441710 0.398316 0.031088 0.045337
0 0.156736 0.183290 0.036269 0.045337
0 0.282383 0.018135 0.038860 0.028497
0 0.667098 0.012953 0.036269 0.025906
0 0.621762 0.095855 0.028497 0.046632
0 0.729275 0.323834 0.041451 0.036269
0 0.709845 0.279793 0.018135 0.028497