0 0.153061 0.109056 0.039541 0.031888
0 0.209184 0.352679 0.044643 0.024235
0 0.281250 0.466837 0.035714 0.043367
0 0.322066 0.562500 0.038265 0.030612
0 0.459821 0.646046 0.030612 0.026786
0 0.325255 0.629464 0.024235 0.026786
0 0.771684 0.040179 0.034439 0.031888
0 0.795918 0.123087 0.034439 0.034439
0 0.779974 0.158801 0.033163 0.026786
0 0.036990 0.195791 0.042092 0.039541
0 0.020408 0.051020 0.021684 0.020408
0 0.019770 0.711097 0.038265 0.034439
0 0.105230 0.456633 0.038265 0.038265
0 0.088010 0.020408 0.026786 0.033163
0 0.910377 0.310731 0.051887 0.048349
0 0.982901 0.390330 0.034198 0.028302
0 0.014151 0.540094 0.028302 0.058962
0 0.026533 0.348467 0.041274 0.034198
0 0.009434 0.386203 0.018868 0.036557
0 0.134434 0.588443 0.042453 0.044811
0 0.362618 0.728184 0.038915 0.041274