0 0.812500 0.271684 0.029337 0.033163
0 0.946429 0.144133 0.036990 0.033163
0 0.974490 0.196429 0.036990 0.035714
0 0.699617 0.162628 0.035714 0.031888
0 0.700255 0.292092 0.036990 0.033163
0 0.699617 0.331633 0.038265 0.035714
0 0.566964 0.537628 0.035714 0.029337
0 0.725765 0.519770 0.034439 0.029337
0 0.782526 0.491709 0.033163 0.042092
0 0.908163 0.514031 0.031888 0.030612
0 0.915179 0.332908 0.030612 0.033163
0 0.822704 0.732143 0.034439 0.030612
0 0.759566 0.671556 0.030612 0.029337
0 0.749362 0.781250 0.038265 0.024235
0 0.771684 0.838010 0.034439 0.022959
0 0.794005 0.924107 0.038265 0.029337
0 0.151148 0.908163 0.038265 0.035714
0 0.295918 0.589923 0.029337 0.029337
0 0.111607 0.790179 0.040816 0.034439
0 0.013712 0.742985 0.027423 0.034439
0 0.020408 0.851403 0.024235 0.026786
0 0.453444 0.448342 0.035714 0.031888
0 0.967474 0.294005 0.033163 0.029337
0 0.853954 0.529337 0.022959 0.043367
0 0.263393 0.492985 0.022959 0.024235
0 0.165155 0.744171 0.034974 0.024611
0 0.178756 0.754534 0.033679 0.022021
0 0.142487 0.797927 0.028497 0.028497
0 0.090026 0.818005 0.029793 0.034974
0 0.009715 0.801166 0.019430 0.027202
0 0.219560 0.853627 0.027202 0.020725
0 0.237047 0.876295 0.028497 0.022021
0 0.036269 0.985104 0.049223 0.029792
0 0.472150 0.619819 0.040155 0.040155
0 0.622409 0.144430 0.032383 0.027202
0 0.700777 0.121762 0.025907 0.028497
0 0.950130 0.058290 0.034974 0.031088
0 0.781088 0.957254 0.036269 0.025907
0 0.924870 0.707254 0.036269 0.033679
0 0.920984 0.615933 0.036269 0.037565
0 0.962435 0.367876 0.031088 0.033679
0 0.970207 0.458549 0.031088 0.025907
0 0.922927 0.441710 0.034974 0.028497
0 0.949482 0.400259 0.038860 0.038860
0 0.452073 0.366580 0.036269 0.025907
0 0.480570 0.438472 0.041451 0.037565
0 0.235104 0.325130 0.032383 0.025907
0 0.359456 0.264896 0.040155 0.034974
0 0.397668 0.257124 0.033679 0.027202
0 0.523964 0.158031 0.024611 0.020725
0 0.151554 0.619171 0.025907 0.025907
0 0.011010 0.501295 0.022020 0.036269
0 0.137953 0.448187 0.027202 0.020725
0 0.746762 0.588083 0.027202 0.023316
0 0.814119 0.939767 0.034974 0.037565
0 0.715674 0.761658 0.029793 0.020725
0 0.007772 0.601684 0.015544 0.034974
0 0.930699 0.363342 0.029793 0.034974
0 0.699482 0.550518 0.033679 0.038860
0 0.586140 0.909974 0.032383 0.027202
0 0.691062 0.659326 0.029793 0.023316