0 0.281675 0.351120 0.039683 0.053146
0 0.345451 0.327381 0.038265 0.049603
0 0.384425 0.315334 0.034014 0.048186
0 0.394700 0.556264 0.024802 0.036848
0 0.410998 0.783730 0.036139 0.038265
0 0.415604 0.743693 0.038265 0.040391
0 0.549532 0.874079 0.041100 0.048895
0 0.738277 0.631074 0.041302 0.036443
0 0.745262 0.600705 0.037051 0.030369
0 0.765610 0.613156 0.031584 0.027332
0 0.786261 0.556365 0.041302 0.037658
0 0.874433 0.696216 0.031888 0.043226
0 0.923469 0.480867 0.028061 0.043367
0 0.943479 0.036671 0.036671 0.046237
0 0.975389 0.919689 0.049222 0.051813
0 0.972150 0.951425 0.034974 0.040155