0 0.133530 0.705118 0.036671 0.045440
0 0.157047 0.595902 0.035874 0.053412
0 0.211655 0.526148 0.036671 0.038265
0 0.257892 0.477519 0.033482 0.044643
0 0.358737 0.366311 0.037468 0.043846
0 0.546078 0.455198 0.032685 0.038265
0 0.713887 0.511400 0.023916 0.027902
0 0.724251 0.553651 0.023916 0.032685
0 0.526945 0.622210 0.023119 0.035874
0 0.564015 0.585937 0.012755 0.017538
0 0.633371 0.608259 0.023916 0.022321
0 0.689174 0.285395 0.030293 0.039860
0 0.516183 0.235172 0.052615 0.044643
0 0.837851 0.213648 0.037468 0.036671
0 0.790019 0.094069 0.027902 0.033482
0 0.955437 0.083705 0.035077 0.043048
0 0.319948 0.034974 0.028497 0.041451
0 0.409974 0.727979 0.032383 0.041451
0 0.481865 0.713083 0.023316 0.045337
0 0.942358 0.303756 0.024611 0.040155