0 0.950130 0.104922 0.034974 0.038860
0 0.926813 0.066062 0.024611 0.036269
0 0.715026 0.338731 0.041451 0.042746
0 0.678109 0.382772 0.060881 0.055699
0 0.836788 0.696244 0.049223 0.053109
0 0.519430 0.270078 0.033679 0.042746
0 0.478627 0.268782 0.047927 0.050518
0 0.582902 0.374352 0.038860 0.056995
0 0.542746 0.429404 0.038860 0.047927
0 0.502591 0.432642 0.038860 0.044041
0 0.458549 0.441062 0.044041 0.053109
0 0.634715 0.887953 0.046632 0.058290
0 0.822539 0.876295 0.031088 0.032383
0 0.378886 0.687824 0.050518 0.049223
0 0.397021 0.731218 0.047927 0.045337
0 0.298575 0.752591 0.040155 0.051813
0 0.330959 0.711140 0.034974 0.041451
0 0.809585 0.402850 0.046632 0.033679
0 0.318653 0.606865 0.033679 0.042746
0 0.801166 0.185233 0.034974 0.038860