0 0.169714 0.902778 0.048186 0.049603
0 0.247307 0.774872 0.060232 0.064484
0 0.297973 0.728104 0.046769 0.046060
0 0.261834 0.716057 0.038265 0.041808
0 0.226757 0.681335 0.041808 0.048895
0 0.317718 0.429325 0.041164 0.046962
0 0.328444 0.311630 0.037106 0.044643
0 0.491071 0.121753 0.045802 0.045223
0 0.939201 0.379677 0.045918 0.045068
0 0.780187 0.390306 0.035714 0.040816
0 0.771329 0.512684 0.051020 0.048895
0 0.805697 0.519770 0.030471 0.038974
0 0.917456 0.459639 0.048287 0.070153
0 0.799320 0.597364 0.046060 0.052438
0 0.979543 0.519035 0.040914 0.027473
0 0.834709 0.715036 0.036014 0.036014
0 0.881978 0.680522 0.025510 0.048019
0 0.855717 0.661765 0.034514 0.046519
0 0.883478 0.630252 0.019508 0.037515
0 0.767932 0.671143 0.000000 0.000750
0 0.534974 0.027202 0.044041 0.054404
0 0.214378 0.922927 0.047927 0.055699
0 0.613342 0.955311 0.053109 0.060881