0 0.733418 0.154883 0.035532 0.076531
0 0.820426 0.635933 0.071064 0.096574
0 0.880102 0.666454 0.070153 0.070153
0 0.716108 0.711097 0.040999 0.062864
0 0.011161 0.766631 0.022321 0.045820
0 0.115434 0.367985 0.030612 0.057398
0 0.301813 0.444948 0.080311 0.099741
0 0.468912 0.536269 0.069948 0.085492
0 0.566062 0.624352 0.049223 0.088083
0 0.558290 0.551166 0.036269 0.060881
0 0.520078 0.568005 0.047927 0.060881
0 0.792098 0.561528 0.073834 0.079016
0 0.733161 0.597150 0.072539 0.059585
0 0.766839 0.679404 0.085492 0.060881
0 0.705959 0.652850 0.067358 0.062176
0 0.533679 0.207902 0.059585 0.055699