0 0.348151 0.542254 0.071303 0.073944
0 0.345951 0.741197 0.070423 0.084507
0 0.429577 0.623680 0.063380 0.067782
0 0.555018 0.486356 0.081866 0.064261
0 0.683539 0.456426 0.071303 0.076585
0 0.742958 0.532130 0.047535 0.085387
0 0.622799 0.495599 0.064261 0.075704
0 0.709067 0.514965 0.073063 0.061620
0 0.442782 0.443662 0.110915 0.068662
0 0.473592 0.395246 0.068662 0.061620
0 0.548856 0.359155 0.080106 0.080986
0 0.757923 0.266725 0.063380 0.075704
0 0.808539 0.263644 0.050176 0.066021
0 0.904049 0.187940 0.045775 0.078345
0 0.886444 0.092430 0.065141 0.073944
0 0.836708 0.126320 0.076585 0.064261
0 0.847711 0.188820 0.077465 0.043134