0 0.412628 0.096939 0.025510 0.022959
0 0.659439 0.221939 0.036990 0.030612
0 0.825255 0.264031 0.031888 0.035714
0 0.896684 0.206633 0.031888 0.025510
0 0.971301 0.176020 0.028061 0.028061
0 0.964286 0.417730 0.024235 0.031888
0 0.975765 0.512755 0.021684 0.028061
0 0.885204 0.519133 0.021684 0.035714
0 0.363520 0.851403 0.029337 0.026786
0 0.413265 0.903699 0.024235 0.021684
0 0.316327 0.966199 0.031888 0.026786
0 0.250000 0.977679 0.026786 0.026786
0 0.484694 0.230867 0.026786 0.028061
0 0.797832 0.058673 0.025510 0.025510
0 0.056760 0.250638 0.028061 0.029337
0 0.753238 0.264896 0.032383 0.034974
0 0.974741 0.216969 0.040155 0.024611
0 0.375648 0.439767 0.031088 0.016839
0 0.408031 0.459197 0.015544 0.029793