0 0.815689 0.352679 0.033163 0.034439
0 0.448980 0.567602 0.036990 0.030612
0 0.383929 0.630740 0.026786 0.026786
0 0.323980 0.709821 0.029337 0.026786
0 0.393495 0.753827 0.040816 0.033163
0 0.329082 0.813138 0.029337 0.019133
0 0.318240 0.863520 0.028061 0.025510
0 0.290179 0.944515 0.030612 0.026786
0 0.247449 0.721301 0.024235 0.026786
0 0.195791 0.840561 0.025510 0.030612
0 0.131378 0.782526 0.029337 0.026786
0 0.107143 0.915179 0.026786 0.026786
0 0.151786 0.974490 0.036990 0.030612
0 0.737883 0.312500 0.022959 0.025510
0 0.022021 0.095855 0.044041 0.031088
0 0.174870 0.153497 0.041451 0.032383
0 0.283031 0.129534 0.024611 0.031088
0 0.046632 0.752591 0.031088 0.025907
0 0.022021 0.985751 0.044041 0.028497
0 0.087435 0.886010 0.037565 0.031088
0 0.197539 0.814767 0.024611 0.023316
0 0.416451 0.147021 0.032383 0.029793
0 0.755181 0.236399 0.036269 0.029793
0 0.708549 0.271373 0.028497 0.029793
0 0.843912 0.191710 0.029793 0.020725
0 0.273768 0.898768 0.029930 0.033451
0 0.247799 0.878521 0.027289 0.033451