0 0.287984 0.382013 0.071996 0.075099
0 0.309707 0.448734 0.054618 0.070755
0 0.353774 0.465492 0.058342 0.069513
0 0.649826 0.438803 0.057100 0.059583
0 0.072306 0.844091 0.067651 0.054618
0 0.237401 0.723995 0.051514 0.058962
0 0.561383 0.804680 0.067651 0.087512
0 0.476353 0.962699 0.061445 0.074602
0 0.674652 0.946500 0.054618 0.059583
0 0.734856 0.890641 0.034757 0.039722
0 0.720271 0.757820 0.041584 0.039722
0 0.766820 0.705065 0.045308 0.062066
0 0.915777 0.125372 0.041584 0.062066
0 0.658205 0.101477 0.042825 0.056480
0 0.339378 0.099093 0.031088 0.037565
0 0.939767 0.346503 0.011658 0.032383
0 0.238342 0.578368 0.018135 0.034974