0 0.421669 0.036765 0.029262 0.031513
0 0.479067 0.211960 0.028511 0.029262
0 0.540591 0.288115 0.025510 0.022509
0 0.472689 0.273860 0.021759 0.030012
0 0.434799 0.353016 0.030012 0.041267
0 0.451306 0.489196 0.036014 0.037515
0 0.403608 0.311893 0.019436 0.027332
0 0.385083 0.401178 0.029762 0.028547
0 0.125675 0.835084 0.033013 0.033013
0 0.215711 0.675270 0.025510 0.034514
0 0.218337 0.628752 0.026261 0.030012
0 0.253601 0.609619 0.030762 0.030762
0 0.038845 0.906772 0.023191 0.041744
0 0.049861 0.981795 0.026670 0.036410
0 0.089623 0.789505 0.040094 0.036557