0 0.125098 0.833497 0.060832 0.067700
0 0.162873 0.771193 0.067700 0.062794
0 0.220271 0.671115 0.047096 0.060832
0 0.609346 0.486811 0.046382 0.063019
0 0.725624 0.374504 0.048895 0.046060
0 0.661879 0.314718 0.053239 0.056012
0 0.763430 0.144058 0.057023 0.067527
0 0.793367 0.048788 0.052296 0.068240
0 0.284974 0.215674 0.054404 0.055699
0 0.363990 0.218264 0.062176 0.063472
0 0.371114 0.282383 0.047927 0.046632
0 0.619171 0.047280 0.044041 0.063472
0 0.306995 0.507772 0.067358 0.054404
0 0.229922 0.587435 0.063472 0.066062
0 0.064119 0.442358 0.042746 0.053109
0 0.137953 0.891839 0.060881 0.071244
0 0.281736 0.836140 0.042746 0.071244
0 0.305052 0.871114 0.068653 0.071244
0 0.685881 0.114637 0.053109 0.055699
0 0.788915 0.734080 0.049528 0.045991