0 0.943422 0.650055 0.030977 0.035532
0 0.677083 0.726509 0.028699 0.039328
0 0.875600 0.729667 0.029262 0.030762
0 0.856843 0.767182 0.029262 0.033764
0 0.821579 0.707908 0.020258 0.033764
0 0.983555 0.866120 0.032890 0.040718
0 0.929651 0.760891 0.023548 0.034341
0 0.737670 0.784864 0.017007 0.044218
0 0.446244 0.260363 0.042746 0.033679
0 0.365933 0.336788 0.027202 0.028497
0 0.879534 0.616580 0.025907 0.031088
0 0.980570 0.787565 0.020725 0.031088
0 0.967617 0.809585 0.018135 0.036269
0 0.837435 0.718912 0.024611 0.041451
0 0.837435 0.659974 0.027202 0.024611
0 0.716321 0.757124 0.028497 0.042746
0 0.742228 0.742876 0.023316 0.042746
0 0.790155 0.752591 0.028497 0.036269
0 0.951425 0.831606 0.022021 0.036269
0 0.931995 0.795984 0.022021 0.029793
0 0.830959 0.759715 0.022021 0.032383
0 0.791451 0.787565 0.023316 0.044041