0 0.229313 0.428697 0.041373 0.044014
0 0.168134 0.275968 0.040493 0.037852
0 0.066461 0.220951 0.029049 0.029930
0 0.922095 0.055898 0.043134 0.057218
0 0.972711 0.061180 0.045775 0.043134
0 0.687060 0.584947 0.039613 0.036092
0 0.712588 0.635563 0.037852 0.029930
0 0.690581 0.687060 0.043134 0.039613
0 0.682218 0.886884 0.036972 0.037852
0 0.520246 0.938820 0.029930 0.046655
0 0.630722 0.971831 0.041373 0.031690
0 0.851673 0.900088 0.032570 0.044894
0 0.884243 0.909771 0.029049 0.037852
0 0.934419 0.898768 0.036092 0.033451
0 0.895246 0.777729 0.042254 0.044894
0 0.832746 0.734595 0.029930 0.036092
0 0.411092 0.018486 0.035211 0.036972