0 0.033163 0.876276 0.036990 0.040816
0 0.007972 0.899872 0.015944 0.034439
0 0.171556 0.985969 0.025510 0.028061
0 0.009885 0.700255 0.019770 0.048469
0 0.061224 0.460459 0.039541 0.040816
0 0.140944 0.402423 0.038265 0.042092
0 0.171556 0.440051 0.040816 0.038265
0 0.220663 0.476403 0.039541 0.044643
0 0.247449 0.423469 0.036990 0.033163
0 0.299745 0.511480 0.034439 0.030612
0 0.282526 0.083546 0.040816 0.042092
0 0.318240 0.070153 0.043367 0.040816
0 0.218112 0.031888 0.034439 0.038265
0 0.253827 0.184949 0.039541 0.038265
0 0.253189 0.225128 0.040816 0.042092
0 0.375000 0.208546 0.029337 0.031888
0 0.424745 0.166454 0.029337 0.031888
0 0.479592 0.061862 0.044643 0.042092
0 0.518495 0.091837 0.040816 0.038265
0 0.646684 0.034439 0.042092 0.040816
0 0.820153 0.051658 0.026786 0.024235
0 0.887755 0.019133 0.029337 0.033163
0 0.951531 0.107143 0.042092 0.028061
0 0.836735 0.195153 0.042092 0.045918
0 0.652423 0.378827 0.033163 0.035714
0 0.676020 0.408163 0.044643 0.040816
0 0.796556 0.376276 0.035714 0.038265
0 0.823342 0.352679 0.025510 0.034439
0 0.799745 0.531250 0.044643 0.042092
0 0.760842 0.599490 0.043367 0.038265
0 0.818878 0.711735 0.039541 0.038265
0 0.570791 0.213010 0.045918 0.030612
0 0.555485 0.341837 0.038265 0.028061
0 0.619260 0.283801 0.043367 0.036990
0 0.510204 0.562500 0.044643 0.040816
0 0.218112 0.300383 0.042092 0.029337
0 0.223214 0.339286 0.047194 0.030612
0 0.180485 0.598852 0.053571 0.036990
0 0.231505 0.581633 0.028061 0.028061
0 0.680485 0.755740 0.022959 0.021684
0 0.357781 0.455357 0.020408 0.025510
0 0.748705 0.404145 0.038860 0.033679
0 0.770078 0.029145 0.037565 0.034974
0 0.021373 0.014249 0.042746 0.028497
0 0.012306 0.983161 0.024611 0.033678
0 0.322539 0.386010 0.028497 0.028497
0 0.299223 0.231218 0.038860 0.024611
0 0.551813 0.136658 0.025907 0.024611
0 0.613342 0.213731 0.047927 0.049223
0 0.906736 0.454663 0.038860 0.051813
0 0.776554 0.635363 0.027202 0.029793
0 0.934585 0.593264 0.045337 0.046632
0 0.949482 0.694301 0.044041 0.046632
0 0.167746 0.164508 0.037565 0.046632
0 0.044689 0.104275 0.029793 0.027202
0 0.019430 0.194948 0.025907 0.027202
0 0.507772 0.468264 0.023316 0.024611
0 0.599741 0.531736 0.020725 0.029793
0 0.652202 0.498705 0.019430 0.015544
0 0.671632 0.435881 0.027202 0.022021
0 0.749352 0.164508 0.024611 0.023316
0 0.790803 0.165803 0.024611 0.044041
0 0.822539 0.242876 0.033679 0.040155
0 0.062824 0.033679 0.022021 0.015544
0 0.096503 0.509067 0.019430 0.025907
0 0.244171 0.057642 0.040155 0.027202
0 0.010363 0.308938 0.020725 0.027202
0 0.746762 0.939119 0.027202 0.020725
0 0.744171 0.963083 0.027202 0.016839
0 0.720207 0.937176 0.020725 0.022021
0 0.673575 0.926166 0.020725 0.028497
0 0.569301 0.884715 0.019430 0.018135
0 0.564767 0.786269 0.025907 0.023316
0 0.618523 0.801166 0.019430 0.022021
0 0.574482 0.158031 0.027202 0.025907
0 0.130181 0.989637 0.050518 0.020725