0 0.100825 0.183962 0.036557 0.037736
0 0.127358 0.164505 0.049528 0.050708
0 0.167453 0.143278 0.037736 0.038915
0 0.169811 0.800118 0.061321 0.053066
0 0.133255 0.762972 0.051887 0.056604
0 0.084906 0.798349 0.056604 0.049528
0 0.048939 0.738208 0.083726 0.063679
0 0.028302 0.686910 0.056604 0.060142
0 0.021226 0.599646 0.042452 0.069575
0 0.368514 0.932193 0.060142 0.062500
0 0.393868 0.932193 0.047170 0.048349
0 0.376179 0.964623 0.040094 0.047170
0 0.913915 0.645637 0.070755 0.069575
0 0.982901 0.592571 0.034198 0.060142
0 0.610751 0.721503 0.063472 0.062176
0 0.638601 0.791451 0.049223 0.064767
0 0.668394 0.757124 0.046632 0.053109
0 0.721503 0.732513 0.049223 0.068653
0 0.756477 0.749352 0.038860 0.068653
0 0.242228 0.527850 0.036269 0.045337
0 0.275907 0.558938 0.036269 0.042746
0 0.022021 0.209845 0.033679 0.044041
0 0.073834 0.238342 0.031088 0.038860