0 0.334821 0.067602 0.035714 0.022959
0 0.207270 0.089286 0.030612 0.030612
0 0.172832 0.176020 0.025510 0.030612
0 0.024235 0.264668 0.034439 0.036990
0 0.096301 0.205995 0.035714 0.029337
0 0.173878 0.216962 0.037807 0.030864
0 0.084184 0.521684 0.026786 0.030612
0 0.165848 0.419203 0.034502 0.034834
0 0.252551 0.371811 0.034439 0.026786
0 0.172832 0.514031 0.030612 0.028061
0 0.251276 0.607781 0.001276 0.001276
0 0.209184 0.485969 0.024235 0.025510
0 0.267857 0.512117 0.034439 0.024235
0 0.516582 0.794005 0.034439 0.029337
0 0.577168 0.535077 0.048469 0.031888
0 0.696429 0.283163 0.029337 0.030612
0 0.735969 0.065689 0.029337 0.031888
0 0.908163 0.116709 0.026786 0.026786
0 0.952806 0.173469 0.034439 0.028061
0 0.822066 0.194515 0.040816 0.031888
0 0.841837 0.552934 0.036990 0.029337
0 0.883929 0.646684 0.039541 0.025510
0 0.897321 0.173469 0.028061 0.022959
0 0.677934 0.161990 0.028061 0.028061
0 0.586097 0.064413 0.033163 0.024235
0 0.596301 0.654974 0.038265 0.029337
0 0.577168 0.690689 0.030612 0.039541
0 0.667730 0.722577 0.025510 0.029337
0 0.650510 0.756378 0.026786 0.030612
0 0.714286 0.772959 0.024235 0.033163
0 0.690689 0.850765 0.033163 0.030612
0 0.713648 0.922832 0.022959 0.029337
0 0.888393 0.931760 0.033163 0.034439
0 0.813776 0.818878 0.034439 0.030612
0 0.800383 0.769770 0.035714 0.031888
0 0.531888 0.943240 0.036990 0.029337
0 0.570153 0.961097 0.026786 0.026786
0 0.986926 0.347577 0.026148 0.026786
0 0.969560 0.590674 0.024611 0.028497
0 0.989637 0.686528 0.020725 0.044041
0 0.828368 0.957254 0.027202 0.025907
0 0.887953 0.087435 0.037565 0.019430
0 0.988342 0.042746 0.023316 0.028497
0 0.952905 0.302377 0.037852 0.029049
0 0.958627 0.268926 0.036972 0.027289
0 0.944102 0.947623 0.030810 0.030810
0 0.305052 0.486399 0.037565 0.027202