0 0.130284 0.257380 0.037354 0.037354
0 0.259657 0.385386 0.035532 0.043732
0 0.356687 0.842748 0.027332 0.030977
0 0.418185 0.747540 0.022777 0.022777
0 0.552114 0.792638 0.022777 0.023688
0 0.552569 0.842292 0.014577 0.024599
0 0.653243 0.796283 0.019133 0.025510
0 0.667365 0.766217 0.016399 0.029155
0 0.680120 0.792183 0.021866 0.022777
0 0.641882 0.545843 0.022509 0.027761
0 0.829993 0.481961 0.028243 0.029155
0 0.837281 0.424107 0.033710 0.033710
0 0.630466 0.438684 0.035532 0.035532
0 0.888757 0.316600 0.023688 0.030066
0 0.982644 0.410441 0.034712 0.040999
0 0.403912 0.448200 0.014881 0.033305
0 0.424461 0.297973 0.021967 0.019133
0 0.305115 0.428639 0.022825 0.035580
0 0.739286 0.773469 0.016837 0.027551
0 0.594560 0.325777 0.041451 0.040155
0 0.954016 0.084197 0.037565 0.023316
0 0.911917 0.079016 0.020725 0.031088
0 0.205311 0.338731 0.024611 0.037565