0 0.137363 0.379710 0.048077 0.047096
0 0.118547 0.459588 0.047269 0.069836
0 0.176696 0.519208 0.045018 0.028511
0 0.078782 0.680147 0.027761 0.045768
0 0.054772 0.658388 0.030762 0.047269
0 0.839179 0.332270 0.055060 0.067602
0 0.911565 0.341412 0.077381 0.077381
0 0.972577 0.317177 0.054846 0.054422
0 0.968963 0.506803 0.051020 0.068027
0 0.008585 0.595565 0.017170 0.037284
0 0.012019 0.522959 0.024038 0.033359
0 0.091321 0.329016 0.050518 0.059585
0 0.085492 0.629534 0.023316 0.041451
0 0.748705 0.269430 0.044041 0.051813