0 0.104432 0.519372 0.045440 0.042251
0 0.253248 0.322451 0.040137 0.039035
0 0.312101 0.348772 0.043048 0.042251
0 0.342395 0.459981 0.044643 0.044643
0 0.440450 0.640147 0.041454 0.033482
0 0.646126 0.363122 0.033482 0.040657
0 0.617028 0.283004 0.015147 0.027105
0 0.175215 0.122852 0.038265 0.042965
0 0.213816 0.124194 0.036251 0.041622
0 0.769912 0.668226 0.034014 0.039683
0 0.829790 0.659014 0.034722 0.038265
0 0.905612 0.368917 0.038265 0.039246
0 0.922923 0.392675 0.039176 0.036443
0 0.953899 0.414085 0.040999 0.039176
0 0.986288 0.438684 0.027423 0.042821
0 0.310881 0.590674 0.023316 0.046632
0 0.170337 0.152202 0.027202 0.042746
0 0.692358 0.680052 0.040155 0.064767
0 0.259715 0.352979 0.037565 0.042746
0 0.026554 0.245466 0.016839 0.045337
0 0.399611 0.522021 0.037565 0.025907