0 0.335220 0.192921 0.028699 0.033482
0 0.576371 0.237564 0.024713 0.030293
0 0.518973 0.281011 0.024713 0.029496
0 0.520169 0.180564 0.022321 0.029496
0 0.487883 0.231585 0.015147 0.032685
0 0.537707 0.263074 0.017538 0.030293
0 0.660077 0.317682 0.026307 0.035874
0 0.767299 0.258291 0.020727 0.022321
0 0.702328 0.391821 0.019930 0.034279
0 0.719467 0.394212 0.012755 0.024713
0 0.743383 0.414142 0.023916 0.029496
0 0.962612 0.547672 0.028699 0.035077
0 0.082908 0.061224 0.024235 0.028061
0 0.076531 0.091199 0.026786 0.026786
0 0.861880 0.737063 0.026421 0.029155
0 0.280440 0.157383 0.019430 0.032383
0 0.305052 0.165155 0.022021 0.034974
0 0.163860 0.051166 0.019430 0.029793
0 0.042746 0.067358 0.025907 0.036269
0 0.948834 0.449482 0.024611 0.033679
0 0.884067 0.484456 0.019430 0.044041
0 0.872409 0.476684 0.022021 0.041451
0 0.841321 0.448834 0.027202 0.034974
0 0.638601 0.263601 0.020725 0.034974
0 0.990285 0.565415 0.019430 0.045337
0 0.967617 0.511658 0.025907 0.023316
0 0.379534 0.108161 0.023316 0.042746
0 0.467617 0.215026 0.028497 0.025907
0 0.753886 0.391192 0.023316 0.031088