0 0.238116 0.687940 0.050176 0.057218
0 0.287412 0.601673 0.048415 0.053697
0 0.299296 0.504842 0.047535 0.051937
0 0.324824 0.506162 0.040493 0.051056
0 0.270687 0.514965 0.043134 0.047535
0 0.229313 0.486796 0.043134 0.054577
0 0.273768 0.439701 0.052817 0.041373
0 0.266725 0.403169 0.049296 0.040493
0 0.333627 0.368838 0.047535 0.042254
0 0.150968 0.505722 0.062500 0.048415
0 0.174296 0.643486 0.058099 0.059859
0 0.199824 0.705546 0.042254 0.066021
0 0.194542 0.769806 0.056338 0.044894
0 0.096831 0.665933 0.036972 0.043134
0 0.039613 0.741197 0.038732 0.052817
0 0.120158 0.888204 0.044894 0.049296
0 0.042694 0.926937 0.041373 0.051056
0 0.313380 0.044454 0.033451 0.041373