0 0.013712 0.447704 0.027423 0.030612
0 0.021046 0.422832 0.035714 0.024235
0 0.138393 0.433673 0.030612 0.033163
0 0.244260 0.554847 0.035714 0.025510
0 0.400510 0.484694 0.039541 0.033163
0 0.513393 0.390944 0.033163 0.029337
0 0.532526 0.144133 0.040816 0.028061
0 0.570791 0.158163 0.028061 0.022959
0 0.693240 0.049107 0.030612 0.029337
0 0.887755 0.131378 0.036990 0.035714
0 0.975765 0.240434 0.034439 0.029337
0 0.867347 0.274872 0.042092 0.034439
0 0.884566 0.286990 0.030612 0.025510
0 0.714923 0.125000 0.017857 0.035714
0 0.517857 0.288265 0.034439 0.025510
0 0.451531 0.309311 0.034439 0.024235
0 0.511480 0.491709 0.026786 0.021684
0 0.247449 0.873087 0.039541 0.029337
0 0.174745 0.902423 0.044643 0.039541
0 0.634566 0.755740 0.033163 0.036990
0 0.686862 0.634566 0.043367 0.034439
0 0.734056 0.628189 0.028061 0.031888
0 0.971939 0.636480 0.031888 0.030612
0 0.649872 0.968112 0.045918 0.033163
0 0.520408 0.725128 0.024235 0.031888
0 0.864796 0.445153 0.036990 0.025510
0 0.797194 0.386480 0.039541 0.028061
0 0.665816 0.375000 0.029337 0.022959
0 0.830357 0.158163 0.031888 0.025510
0 0.680485 0.283801 0.030612 0.031888
0 0.791454 0.436862 0.028061 0.026786
0 0.296632 0.773964 0.033679 0.019430
0 0.226684 0.765544 0.033679 0.023316
0 0.031736 0.712435 0.027202 0.028497
0 0.567358 0.817358 0.033679 0.038860
0 0.608808 0.341321 0.036269 0.029793
0 0.569948 0.321891 0.033679 0.037565
0 0.457902 0.350389 0.040155 0.022021
0 0.527850 0.452073 0.029793 0.020725
0 0.762953 0.621762 0.023316 0.028497
0 0.266839 0.627591 0.044041 0.022021
0 0.339378 0.527202 0.036269 0.018135
0 0.108808 0.460492 0.033679 0.029793
0 0.019430 0.364637 0.036269 0.022021
0 0.216109 0.968310 0.043134 0.022887
0 0.338468 0.327025 0.027289 0.022007