0 0.548856 0.392606 0.050176 0.051056
0 0.540493 0.323063 0.059859 0.056338
0 0.497359 0.220951 0.049296 0.051056
0 0.553257 0.162412 0.048415 0.039613
0 0.573944 0.127201 0.038732 0.043134
0 0.608275 0.182658 0.040493 0.044894
0 0.756162 0.443222 0.049296 0.055458
0 0.543574 0.474032 0.044894 0.051937
0 0.612676 0.520687 0.058099 0.036092
0 0.476232 0.456426 0.045775 0.048415
0 0.458627 0.423415 0.047535 0.047535
0 0.393926 0.662852 0.036092 0.054577
0 0.570423 0.643046 0.036972 0.066021
0 0.567342 0.761884 0.050176 0.041373
0 0.809419 0.832306 0.053697 0.064261
0 0.834067 0.923415 0.044894 0.070423
0 0.756162 0.902729 0.040493 0.053697
0 0.762324 0.963908 0.051056 0.056338
0 0.946303 0.671215 0.049296 0.025528
0 0.948944 0.782130 0.054577 0.064261
0 0.986356 0.661532 0.027288 0.051937
0 0.209947 0.951144 0.039613 0.050176