0 0.447704 0.114158 0.031888 0.014031
0 0.116071 0.769770 0.026786 0.031888
0 0.134566 0.524872 0.028061 0.019133
0 0.427296 0.477041 0.024235 0.020408
0 0.239796 0.420281 0.021684 0.021684
0 0.297194 0.406888 0.019133 0.025510
0 0.322704 0.455357 0.019133 0.017857
0 0.103954 0.506378 0.020408 0.020408
0 0.110969 0.856505 0.024235 0.024235
0 0.123724 0.897321 0.021684 0.024235
0 0.474472 0.432218 0.026408 0.028169
0 0.496479 0.450264 0.029930 0.027289
0 0.410651 0.402729 0.025528 0.030810
0 0.310739 0.320863 0.031690 0.027289
0 0.330986 0.414613 0.026408 0.021127
0 0.334507 0.447623 0.031690 0.027289
0 0.019806 0.485915 0.039612 0.029930
0 0.072183 0.137764 0.042254 0.027289
0 0.243838 0.235035 0.026408 0.029930
0 0.278169 0.225792 0.024648 0.027289
0 0.352553 0.202905 0.027289 0.023768
0 0.104313 0.103433 0.036092 0.032570
0 0.064119 0.810881 0.032383 0.020725
0 0.060233 0.837435 0.027202 0.022021
0 0.248705 0.392487 0.025907 0.033679
0 0.187176 0.172927 0.032383 0.032383
0 0.369171 0.048575 0.020725 0.024611
0 0.547927 0.882124 0.023316 0.020725