0 0.269234 0.350870 0.036621 0.035837
0 0.421578 0.304583 0.043103 0.043543
0 0.520980 0.336031 0.028149 0.033427
0 0.416782 0.358177 0.041713 0.042747
0 0.454530 0.342664 0.035852 0.035852
0 0.806608 0.379920 0.027332 0.034621
0 0.836674 0.375668 0.020651 0.035836
0 0.952523 0.036701 0.049179 0.053358
0 0.166773 0.250000 0.025510 0.031888
0 0.195385 0.251913 0.023771 0.030728
0 0.465316 0.899725 0.033359 0.041209
0 0.289723 0.478544 0.032343 0.036899
0 0.379842 0.816901 0.044894 0.045775
0 0.716969 0.384715 0.027202 0.044041
0 0.924870 0.034974 0.028497 0.044041