0 0.315716 0.460710 0.046098 0.040202
0 0.279267 0.448649 0.039666 0.046098
0 0.112028 0.624464 0.045026 0.048242
0 0.139901 0.651265 0.040738 0.050386
0 0.091660 0.651533 0.047170 0.060570
0 0.182515 0.706475 0.043418 0.045026
0 0.212532 0.752573 0.047706 0.032161
0 0.251930 0.682354 0.048242 0.058962
0 0.268010 0.725236 0.068611 0.049314
0 0.435517 0.664934 0.059498 0.053066
0 0.045830 0.920883 0.060570 0.039666
0 0.473306 0.455617 0.067539 0.052530
0 0.524228 0.519940 0.039666 0.057890
0 0.528784 0.471966 0.049850 0.049850
0 0.800547 0.753645 0.062714 0.071827
0 0.760345 0.164826 0.055210 0.064858
0 0.832708 0.132665 0.056282 0.062714
0 0.818235 0.049850 0.049850 0.058962
0 0.743193 0.058962 0.050922 0.061106
0 0.760077 0.105060 0.055746 0.042882
0 0.768922 0.266134 0.045562 0.048778
0 0.733276 0.214408 0.049314 0.048242
0 0.914987 0.356186 0.061106 0.065931
0 0.209845 0.146373 0.031088 0.056995