0 0.164345 0.027963 0.033359 0.026491
0 0.302688 0.074568 0.031397 0.029435
0 0.312009 0.182987 0.036303 0.028454
0 0.138834 0.108418 0.035322 0.032378
0 0.260989 0.271782 0.028454 0.021586
0 0.260008 0.338501 0.030416 0.023548
0 0.208497 0.342425 0.027473 0.027473
0 0.371860 0.420428 0.038265 0.024529
0 0.405220 0.579867 0.044152 0.043171
0 0.517563 0.382162 0.041209 0.034341
0 0.733909 0.455259 0.040228 0.045133
0 0.877159 0.350275 0.038265 0.039246
0 0.798666 0.387559 0.034341 0.039246
0 0.807005 0.190345 0.039246 0.045133
0 0.933085 0.198685 0.044152 0.034341
0 0.974784 0.189855 0.021586 0.028454
0 0.099915 0.281675 0.030825 0.029762
0 0.111076 0.237564 0.021259 0.026573
0 0.162628 0.204613 0.024447 0.030825
0 0.753747 0.197704 0.035077 0.035077
0 0.805564 0.098852 0.025510 0.031888
0 0.835459 0.076531 0.035874 0.038265
0 0.625683 0.823615 0.030066 0.029155
0 0.626139 0.847987 0.029155 0.023233
0 0.046632 0.255829 0.031088 0.029793
0 0.875000 0.825777 0.024611 0.022021
0 0.725389 0.507772 0.023316 0.025907
0 0.698834 0.516192 0.027202 0.027202
0 0.597150 0.221503 0.046632 0.041451
0 0.866580 0.469560 0.031088 0.022021
0 0.834197 0.456606 0.031088 0.024611
0 0.832902 0.399611 0.033679 0.032383
0 0.644430 0.550518 0.027202 0.025907
0 0.692358 0.554404 0.022021 0.020725
0 0.652850 0.389249 0.031088 0.024611
0 0.505829 0.584845 0.029793 0.032383
0 0.856218 0.753886 0.025907 0.031088
0 0.860104 0.208549 0.036269 0.023316
0 0.843264 0.885363 0.020725 0.024611
0 0.827073 0.935233 0.029793 0.020725