0 0.150510 0.627126 0.062075 0.053571
0 0.434949 0.582483 0.049320 0.034014
0 0.163467 0.019468 0.037594 0.038936
0 0.187970 0.066125 0.044979 0.047664
0 0.223550 0.045314 0.039608 0.042293
0 0.697167 0.036251 0.049678 0.044307
0 0.988839 0.554307 0.022321 0.055043
0 0.975128 0.494505 0.049744 0.060832
0 0.949765 0.462127 0.036303 0.047096
0 0.984939 0.440542 0.030122 0.049058
0 0.741709 0.413903 0.051020 0.039541
0 0.857513 0.369171 0.041451 0.041451
0 0.860751 0.426813 0.047927 0.053109
0 0.931347 0.318653 0.056995 0.051813
0 0.382772 0.605570 0.058290 0.037565