0 0.026554 0.161269 0.053108 0.047927
0 0.084197 0.204663 0.069948 0.051813
0 0.021373 0.212435 0.042746 0.067358
0 0.107513 0.594560 0.041451 0.049223
0 0.089378 0.640544 0.046632 0.050518
0 0.029145 0.618523 0.050518 0.058290
0 0.119819 0.761658 0.055699 0.062176
0 0.533679 0.957902 0.041451 0.055699
0 0.661269 0.931347 0.040155 0.038860
0 0.426813 0.141839 0.032383 0.037565
0 0.391192 0.102979 0.023316 0.037565
0 0.692358 0.031736 0.040155 0.042746
0 0.476036 0.356865 0.032383 0.050518
0 0.771373 0.944301 0.034974 0.028497