0 0.488782 0.031724 0.022894 0.030743
0 0.492380 0.082254 0.030743 0.033032
0 0.489436 0.119702 0.029435 0.037284
0 0.526230 0.094355 0.028454 0.038265
0 0.012527 0.647321 0.025054 0.037354
0 0.188138 0.796034 0.034787 0.046382
0 0.496289 0.879522 0.040005 0.035946
0 0.533685 0.831401 0.031308 0.028989
0 0.642973 0.901844 0.029569 0.022611
0 0.674198 0.355928 0.020044 0.032799
0 0.640792 0.181608 0.016399 0.030369
0 0.628081 0.100352 0.034331 0.040493
0 0.707254 0.339378 0.033679 0.038860
0 0.129534 0.615933 0.028497 0.016839
0 0.069301 0.679404 0.027202 0.040155