0 0.191062 0.154793 0.034974 0.032383
0 0.148964 0.238342 0.033679 0.036269
0 0.503238 0.858161 0.091969 0.073834
0 0.832902 0.696244 0.041451 0.050518
0 0.902202 0.495466 0.032383 0.034974
0 0.888601 0.476684 0.023316 0.031088
0 0.862047 0.501943 0.037565 0.032383
0 0.873057 0.602979 0.033679 0.037565
0 0.763601 0.717617 0.040155 0.033679
0 0.703368 0.661917 0.036269 0.033679
0 0.713083 0.785622 0.029793 0.042746
0 0.175518 0.809585 0.037565 0.025907
0 0.371114 0.985104 0.081606 0.029792
0 0.369171 0.572539 0.025907 0.031088
0 0.731218 0.562176 0.032383 0.020725