0 0.794802 0.768893 0.053412 0.061384
0 0.402184 0.095663 0.043048 0.044643
0 0.426897 0.155453 0.062181 0.079719
0 0.438855 0.220823 0.065370 0.049426
0 0.518176 0.205676 0.045440 0.068559
0 0.569595 0.176578 0.057398 0.062978
0 0.751761 0.484155 0.070423 0.065141
0 0.827025 0.485035 0.097711 0.082746
0 0.923415 0.367077 0.059859 0.082746
0 0.738116 0.833187 0.043134 0.046655
0 0.764965 0.863116 0.040493 0.044894
0 0.774648 0.697623 0.054577 0.041373
0 0.772447 0.748680 0.058979 0.046655
0 0.381477 0.152850 0.032383 0.059585
0 0.477332 0.181347 0.055699 0.049223