0 0.389525 0.436620 0.067782 0.080986
0 0.333627 0.367958 0.079225 0.066901
0 0.359155 0.302377 0.065141 0.058979
0 0.385563 0.025528 0.075704 0.051056
0 0.571743 0.128521 0.069542 0.066901
0 0.554137 0.404489 0.060739 0.087148
0 0.624120 0.454225 0.056338 0.072183
0 0.661972 0.546655 0.066901 0.070423
0 0.523768 0.578869 0.051056 0.052106
0 0.796215 0.117077 0.055458 0.068662
0 0.878521 0.138204 0.052817 0.072183
0 0.934419 0.164173 0.064261 0.067782
0 0.972711 0.137764 0.054577 0.067782
0 0.970511 0.069982 0.058978 0.058979
0 0.917694 0.084947 0.073063 0.053697
0 0.751320 0.018046 0.062500 0.036092