0 0.432398 0.729216 0.037415 0.041765
0 0.512412 0.670869 0.043171 0.041699
0 0.638000 0.591641 0.043171 0.043171
0 0.902611 0.644133 0.038265 0.047269
0 0.496958 0.726550 0.021586 0.029762
0 0.536532 0.743230 0.020277 0.023875
0 0.459184 0.771193 0.033032 0.020277
0 0.465071 0.800137 0.022567 0.033032
0 0.283662 0.771961 0.024401 0.032165
0 0.279469 0.820931 0.020452 0.036265
0 0.525088 0.836268 0.036092 0.040493
0 0.613996 0.694102 0.029049 0.025528
0 0.863996 0.648768 0.030810 0.029930
0 0.897668 0.555699 0.028497 0.025907
0 0.668394 0.564119 0.044041 0.045337