0 0.412852 0.781250 0.042254 0.039613
0 0.400528 0.763204 0.026408 0.038732
0 0.548856 0.674736 0.041373 0.030810
0 0.557658 0.654489 0.034331 0.029049
0 0.590669 0.786532 0.038732 0.044894
0 0.699824 0.845511 0.029930 0.036092
0 0.495158 0.839789 0.027289 0.036972
0 0.523768 0.863996 0.035211 0.034331
0 0.517606 0.930018 0.044014 0.032570
0 0.312060 0.968750 0.030810 0.034331
0 0.664613 0.933979 0.031690 0.038732
0 0.751320 0.927817 0.034331 0.026408
0 0.644806 0.992077 0.041373 0.015845
0 0.587435 0.597150 0.024611 0.023316