0 0.622077 0.068559 0.027636 0.034014
0 0.684790 0.120111 0.029762 0.038265
0 0.763446 0.072013 0.025510 0.049426
0 0.903361 0.085534 0.029262 0.036014
0 0.961048 0.220485 0.023548 0.022996
0 0.796586 0.395408 0.030369 0.023081
0 0.518100 0.447340 0.017614 0.020044
0 0.953005 0.784439 0.036591 0.040816
0 0.246067 0.910395 0.048895 0.032951
0 0.299745 0.656356 0.035077 0.041454
0 0.491071 0.482085 0.021452 0.029569
0 0.320700 0.597971 0.033406 0.032191
0 0.124575 0.789966 0.028912 0.040816
0 0.017683 0.672506 0.035366 0.048774
0 0.354751 0.344786 0.034279 0.024713
0 0.339206 0.285794 0.022321 0.029496
0 0.369499 0.270249 0.027105 0.033482
0 0.198900 0.332828 0.023916 0.032685
0 0.429404 0.252591 0.024611 0.031088
0 0.408679 0.323834 0.027202 0.025907
0 0.012306 0.588731 0.024611 0.045337
0 0.033679 0.610751 0.031088 0.042746
0 0.198834 0.795984 0.034974 0.045337
0 0.151554 0.797927 0.025907 0.036269