0 0.615933 0.782383 0.037565 0.049223
0 0.722150 0.755829 0.047927 0.055699
0 0.849093 0.670337 0.037565 0.037565
0 0.897668 0.694948 0.046632 0.050518
0 0.902850 0.623705 0.041451 0.047927
0 0.884715 0.759067 0.025907 0.038860
0 0.926166 0.683290 0.028497 0.047927
0 0.476684 0.258420 0.018135 0.022021
0 0.461140 0.268782 0.020725 0.022021
0 0.411917 0.238342 0.023316 0.018135
0 0.159974 0.180052 0.019430 0.020725
0 0.682642 0.019430 0.018135 0.018135
0 0.643135 0.051166 0.016839 0.014249
0 0.092617 0.166451 0.014249 0.014249
0 0.696244 0.705311 0.029793 0.022021