0 0.311589 0.395408 0.021410 0.021866
0 0.341199 0.429801 0.022321 0.020499
0 0.382881 0.405202 0.018222 0.019588
0 0.393814 0.365343 0.014577 0.016399
0 0.439368 0.390397 0.021866 0.020044
0 0.487655 0.472622 0.019133 0.020499
0 0.694014 0.473989 0.024599 0.020499
0 0.730913 0.546647 0.020044 0.020044
0 0.563958 0.625683 0.018677 0.025966
0 0.829082 0.553840 0.018126 0.017454
0 0.870704 0.579350 0.020811 0.017454
0 0.811292 0.600497 0.025510 0.019468
0 0.869025 0.701866 0.016112 0.023496
0 0.814984 0.705559 0.020811 0.025510
0 0.834788 0.714286 0.024168 0.016112
0 0.787124 0.749530 0.017454 0.022154
0 0.636203 0.625590 0.027123 0.031840
0 0.103184 0.766804 0.034198 0.027712