0 0.343600 0.518184 0.069276 0.064669
0 0.259434 0.330858 0.068396 0.052907
0 0.503538 0.591981 0.068396 0.077830
0 0.666863 0.503538 0.062500 0.070755
0 0.714033 0.574292 0.067217 0.058962
0 0.753538 0.524764 0.047170 0.056604
0 0.816627 0.640920 0.057783 0.074292
0 0.785967 0.614387 0.062500 0.070755
0 0.895606 0.662860 0.059583 0.060824
0 0.868297 0.578761 0.068272 0.070134
0 0.839436 0.532833 0.061445 0.060204
0 0.791646 0.560142 0.068893 0.055238
0 0.916708 0.531902 0.065789 0.059583
0 0.628886 0.890544 0.032383 0.040155
0 0.795984 0.990933 0.040155 0.018134
0 0.867228 0.642487 0.050518 0.059585