0 0.126761 0.611796 0.033451 0.035211
0 0.279489 0.589349 0.032570 0.027289
0 0.120158 0.649208 0.043134 0.044894
0 0.060299 0.599472 0.046655 0.040493
0 0.114877 0.712588 0.046655 0.039613
0 0.149208 0.747799 0.030810 0.044894
0 0.132923 0.784771 0.045775 0.048415
0 0.119718 0.859595 0.038732 0.055458
0 0.174296 0.861796 0.047535 0.047535
0 0.500440 0.978433 0.032570 0.034331
0 0.438820 0.727993 0.043134 0.036972
0 0.669014 0.780370 0.035211 0.036092
0 0.856954 0.764085 0.034331 0.038732
0 0.927817 0.408891 0.047535 0.050176
0 0.846831 0.401849 0.073944 0.041373
0 0.933979 0.365317 0.049296 0.045775
0 0.398327 0.349912 0.036092 0.048415
0 0.055018 0.462148 0.036092 0.044014
0 0.610104 0.798575 0.020725 0.024611
0 0.873057 0.956606 0.031088 0.024611