0 0.266509 0.507665 0.054245 0.050708
0 0.224057 0.586085 0.061321 0.058962
0 0.290684 0.358491 0.050708 0.063679
0 0.551279 0.174223 0.050744 0.037565
0 0.596698 0.142099 0.058962 0.064858
0 0.568986 0.295401 0.055425 0.057783
0 0.764151 0.252948 0.056604 0.062500
0 0.504127 0.362618 0.055425 0.062500
0 0.570755 0.400354 0.073113 0.062500
0 0.537736 0.431014 0.063679 0.050708
0 0.827241 0.603774 0.060142 0.068396
0 0.616156 0.762972 0.062500 0.070755
0 0.697539 0.896434 0.042746 0.046754
0 0.621762 0.582254 0.033679 0.032383
0 0.698834 0.619171 0.027202 0.025907