0 0.101509 0.096726 0.034014 0.048895
0 0.138180 0.021259 0.035077 0.038265
0 0.146064 0.114264 0.032065 0.047832
0 0.176446 0.139243 0.029053 0.040391
0 0.454223 0.049957 0.044643 0.040391
0 0.497803 0.161210 0.031179 0.040391
0 0.576105 0.142786 0.029053 0.036139
0 0.627126 0.149164 0.029053 0.036139
0 0.640235 0.021259 0.041100 0.035431
0 0.981505 0.104494 0.036990 0.038265
0 0.988373 0.067210 0.023254 0.038265
0 0.992788 0.029925 0.014423 0.040228
0 0.975275 0.243328 0.028454 0.029435
0 0.928670 0.255881 0.041209 0.043575
0 0.892277 0.170764 0.041744 0.037724
0 0.965561 0.661058 0.031888 0.033850
0 0.775118 0.579376 0.030416 0.030416
0 0.884027 0.810440 0.028454 0.035322
0 0.482241 0.782967 0.041209 0.029435
0 0.704965 0.704987 0.029435 0.038310
0 0.258103 0.576731 0.027761 0.037015
0 0.481353 0.395104 0.036443 0.040695
0 0.153552 0.559289 0.033359 0.039301
0 0.130385 0.503320 0.038974 0.034419
0 0.161758 0.402365 0.030148 0.046382
0 0.035077 0.188138 0.025510 0.042092
0 0.225340 0.175595 0.031463 0.043367
0 0.421769 0.185374 0.029762 0.040816
0 0.564226 0.471564 0.039766 0.050270
0 0.093963 0.517007 0.034014 0.039116
0 0.749818 0.127551 0.026421 0.032799
0 0.754829 0.162628 0.029155 0.033710
0 0.741263 0.175838 0.028954 0.025510
0 0.628986 0.292024 0.031091 0.024418
0 0.770089 0.757015 0.019133 0.029337
0 0.707908 0.844388 0.020408 0.028912
0 0.702687 0.940423 0.016289 0.030293
0 0.592867 0.244800 0.021586 0.033359
0 0.565640 0.239649 0.027963 0.039737
0 0.445153 0.147959 0.037628 0.033163
0 0.430458 0.462588 0.047535 0.057218
0 0.412852 0.436620 0.056338 0.047535
0 0.771127 0.466549 0.031690 0.051056
0 0.818222 0.501761 0.022007 0.031690
0 0.867518 0.669894 0.032570 0.036972
0 0.518486 0.898327 0.038732 0.041373
0 0.655370 0.874120 0.025528 0.036972
0 0.673415 0.917254 0.024648 0.040493
0 0.647447 0.918574 0.025528 0.044894
0 0.635123 0.951585 0.034331 0.049296
0 0.008803 0.231514 0.017606 0.044014
0 0.011444 0.176056 0.022887 0.059859
0 0.351232 0.088028 0.040493 0.047535
0 0.513644 0.210827 0.037852 0.037852
0 0.473151 0.194102 0.030810 0.044894
0 0.448063 0.213468 0.022887 0.036092
0 0.099472 0.596391 0.044014 0.034331
0 0.228873 0.585387 0.028169 0.045775
0 0.284771 0.559419 0.030810 0.048415
0 0.707254 0.187824 0.036269 0.041451