0 0.780660 0.846698 0.056604 0.051887
0 0.774764 0.945755 0.051887 0.044811
0 0.391509 0.832547 0.058962 0.042453
0 0.423349 0.577830 0.061321 0.058962
0 0.453420 0.620283 0.081368 0.035377
0 0.563090 0.610259 0.041274 0.045991
0 0.372409 0.299870 0.022021 0.034974
0 0.379534 0.273964 0.028497 0.022021
0 0.349093 0.319948 0.027202 0.036269
0 0.334845 0.347798 0.032383 0.034974
0 0.536269 0.402202 0.044041 0.045337
0 0.829016 0.441710 0.033679 0.033679
0 0.698834 0.378238 0.034974 0.020725
0 0.880829 0.354275 0.025907 0.022021
0 0.848446 0.913860 0.046632 0.045337
0 0.979275 0.378238 0.041450 0.041451