0 0.448980 0.173469 0.026786 0.028061
0 0.610475 0.343310 0.029049 0.031690
0 0.430485 0.543367 0.030612 0.025510
0 0.500000 0.607143 0.024235 0.025510
0 0.427934 0.673469 0.025510 0.022959
0 0.329719 0.593112 0.022959 0.025510
0 0.303571 0.653699 0.029337 0.029337
0 0.307398 0.713010 0.021684 0.028061
0 0.166454 0.734694 0.022959 0.025510
0 0.245536 0.670281 0.025510 0.026786
0 0.271046 0.588010 0.025510 0.028061
0 0.272321 0.536352 0.025510 0.031888
0 0.062500 0.722577 0.021684 0.026786
0 0.118622 0.690689 0.021684 0.036990
0 0.133929 0.086735 0.031888 0.025510
0 0.354275 0.847798 0.032383 0.037565
0 0.203368 0.816710 0.028497 0.027202
0 0.298415 0.493838 0.031690 0.033451
0 0.270246 0.482835 0.029930 0.030810
0 0.573063 0.636004 0.035211 0.037852
0 0.139896 0.746762 0.025907 0.040155
0 0.045337 0.577073 0.031088 0.040155