0 0.841989 0.622799 0.044894 0.046655
0 0.820423 0.566461 0.051056 0.044894
0 0.946743 0.601232 0.046655 0.036972
0 0.221391 0.949824 0.044894 0.047535
0 0.041813 0.943222 0.030810 0.034331
0 0.335492 0.844560 0.028497 0.023316
0 0.248057 0.906088 0.032383 0.029793
0 0.148964 0.905440 0.036269 0.025907
0 0.395725 0.908679 0.019430 0.034974
0 0.406088 0.939119 0.029793 0.036269
0 0.371762 0.920984 0.018135 0.031088
0 0.382124 0.862047 0.031088 0.034974
0 0.170337 0.955311 0.027202 0.045337
0 0.133420 0.960492 0.031088 0.022021
0 0.124352 0.931347 0.023316 0.023316
0 0.067358 0.948834 0.031088 0.029793