0 0.037412 0.955546 0.030810 0.039613
0 0.260563 0.680898 0.029930 0.036092
0 0.291373 0.702905 0.029930 0.037852
0 0.251761 0.719630 0.040493 0.037852
0 0.297535 0.640405 0.033451 0.046655
0 0.365317 0.687060 0.033451 0.041373
0 0.554137 0.732394 0.043134 0.044014
0 0.968310 0.657570 0.042254 0.051056
0 0.982835 0.600352 0.034330 0.047535
0 0.575704 0.466989 0.042254 0.053697
0 0.522887 0.457746 0.045775 0.049296
0 0.589789 0.365757 0.040493 0.041373
0 0.597271 0.406690 0.053697 0.040493
0 0.588028 0.169894 0.038732 0.063380
0 0.219630 0.635123 0.034331 0.041373
0 0.204225 0.573504 0.031690 0.037852
0 0.113556 0.526849 0.049296 0.046655
0 0.136004 0.351673 0.039613 0.044894
0 0.087588 0.255722 0.043134 0.044894
0 0.376761 0.375880 0.031690 0.038732
0 0.437940 0.040933 0.041373 0.046655
0 0.495158 0.026849 0.036092 0.051937
0 0.544014 0.056338 0.035211 0.044014
0 0.536972 0.094630 0.047535 0.037852
0 0.340026 0.663212 0.022021 0.038860
0 0.313472 0.165155 0.025907 0.029793
0 0.074482 0.155440 0.032383 0.028497
0 0.438472 0.011010 0.045337 0.022020
0 0.012953 0.035622 0.025906 0.034974