0 0.320165 0.520637 0.081368 0.086085
0 0.260024 0.454009 0.081368 0.091981
0 0.086409 0.636371 0.078478 0.081032
0 0.820165 0.715802 0.083726 0.070755
0 0.798349 0.977594 0.084906 0.044811
0 0.446344 0.469340 0.076651 0.082547
0 0.341392 0.275943 0.086085 0.082547
0 0.494104 0.460495 0.063679 0.083726
0 0.341392 0.225236 0.081368 0.061321
0 0.410377 0.213443 0.084906 0.084906
0 0.544222 0.435731 0.104953 0.079009
0 0.521226 0.373821 0.077830 0.080189
0 0.451651 0.343750 0.066038 0.102594
0 0.392689 0.344340 0.058962 0.082547
0 0.360259 0.367335 0.057783 0.069575
0 0.602594 0.375000 0.080189 0.077830