0 0.795337 0.337435 0.033679 0.040155
0 0.955311 0.544041 0.029793 0.038860
0 0.989637 0.779145 0.020725 0.040155
0 0.945596 0.805699 0.041451 0.038860
0 0.942358 0.777850 0.034974 0.029793
0 0.902202 0.813472 0.029793 0.044041
0 0.856218 0.762306 0.033679 0.042746
0 0.838083 0.960492 0.033679 0.047927
0 0.542098 0.809585 0.027202 0.044041
0 0.626943 0.397668 0.041451 0.059585
0 0.666451 0.375000 0.037565 0.053109
0 0.725389 0.400907 0.028497 0.034974
0 0.754534 0.390544 0.037565 0.034974
0 0.431347 0.254534 0.031088 0.042746
0 0.377591 0.232513 0.040155 0.042746
0 0.306995 0.220207 0.038860 0.046632
0 0.361399 0.327073 0.033679 0.045337