0 0.785377 0.544222 0.061321 0.060142
0 0.762382 0.650354 0.067217 0.067217
0 0.880896 0.103184 0.035377 0.043632
0 0.853774 0.094340 0.028302 0.030660
0 0.064599 0.892099 0.061840 0.050708
0 0.228774 0.593750 0.058962 0.043632
0 0.325472 0.655660 0.051887 0.044811
0 0.403892 0.816627 0.055425 0.053066
0 0.930699 0.099741 0.037565 0.038860
0 0.676813 0.086788 0.027202 0.033679
0 0.626295 0.180052 0.019430 0.031088
0 0.803109 0.728627 0.036269 0.050518
0 0.624352 0.102332 0.025907 0.046632
0 0.516839 0.141192 0.020725 0.044041