0 0.332746 0.802377 0.049296 0.051937
0 0.455546 0.504842 0.066021 0.058979
0 0.405810 0.487676 0.035211 0.068662
0 0.465229 0.449384 0.043134 0.053697
0 0.424296 0.417254 0.049296 0.059859
0 0.490317 0.368398 0.036972 0.039613
0 0.547975 0.241197 0.044894 0.042254
0 0.078345 0.290493 0.052817 0.054577
0 0.207746 0.176937 0.044014 0.040493
0 0.682658 0.338468 0.041373 0.064261
0 0.737676 0.352553 0.065141 0.066021
0 0.768046 0.472711 0.036092 0.049296
0 0.812060 0.497799 0.036092 0.050176
0 0.725792 0.486356 0.041373 0.046655
0 0.720070 0.544454 0.066901 0.041373
0 0.653169 0.448063 0.051056 0.047535
0 0.656690 0.390405 0.051056 0.053697