0 0.974093 0.693653 0.051813 0.060881
0 0.032383 0.931995 0.049223 0.063472
0 0.016839 0.841321 0.033678 0.066062
0 0.148316 0.667098 0.050518 0.025907
0 0.192358 0.656736 0.040155 0.044041
0 0.232513 0.629534 0.034974 0.044041
0 0.191710 0.991580 0.062176 0.016839
0 0.246114 0.981218 0.046632 0.037564
0 0.355570 0.695596 0.040155 0.044041
0 0.402850 0.609456 0.046632 0.045337
0 0.400259 0.515544 0.054404 0.044041
0 0.332902 0.544041 0.049223 0.041451
0 0.284326 0.709197 0.027202 0.037565
0 0.288860 0.623705 0.025907 0.042746