0 0.353271 0.527970 0.039176 0.041910
0 0.463511 0.418185 0.050109 0.038265
0 0.594707 0.376276 0.045554 0.052843
0 0.668960 0.323661 0.034621 0.046009
0 0.705630 0.316600 0.039632 0.051020
0 0.699253 0.376503 0.034165 0.042365
0 0.726585 0.397003 0.037810 0.043276
0 0.742074 0.438684 0.032343 0.038265
0 0.779428 0.415224 0.026877 0.037810
0 0.492865 0.551060 0.025510 0.027503
0 0.501435 0.525949 0.041853 0.038664
0 0.252404 0.736607 0.041209 0.041699
0 0.189119 0.763099 0.039246 0.056417
0 0.022189 0.870004 0.044377 0.054209
0 0.051286 0.872130 0.025510 0.038265