0 0.335884 0.867043 0.027332 0.021259
0 0.586262 0.861914 0.029762 0.029762
0 0.154124 0.779478 0.028345 0.026927
0 0.173064 0.977795 0.023191 0.029569
0 0.952806 0.973214 0.031888 0.025510
0 0.930485 0.783163 0.028061 0.025510
0 0.887117 0.887755 0.033163 0.020408
0 0.909439 0.915179 0.026786 0.026786
0 0.729167 0.135629 0.032313 0.033163
0 0.818878 0.096939 0.036565 0.032313
0 0.830778 0.983491 0.062500 0.033018
0 0.716981 0.698703 0.040094 0.034198
0 0.206958 0.886792 0.041274 0.035377
0 0.020637 0.732901 0.041274 0.036557
0 0.010613 0.857311 0.021226 0.044811
0 0.972877 0.152712 0.040094 0.043632
0 0.101415 0.136792 0.033019 0.037736
0 0.241156 0.095519 0.038915 0.042453
0 0.341981 0.122052 0.042453 0.034198
0 0.385613 0.060731 0.042453 0.043632
0 0.679835 0.962264 0.045991 0.037736
0 0.756477 0.257772 0.036269 0.046632
0 0.988342 0.838731 0.023316 0.037565