0 0.173469 0.422832 0.034439 0.034439
0 0.265306 0.536990 0.031888 0.035714
0 0.349490 0.565051 0.024235 0.040816
0 0.471301 0.530122 0.028061 0.034733
0 0.787628 0.382653 0.035714 0.038265
0 0.928571 0.257015 0.036990 0.036990
0 0.109127 0.328444 0.017715 0.021967
0 0.106293 0.122945 0.019133 0.031888
0 0.171485 0.091766 0.027636 0.023384
0 0.110190 0.038974 0.025510 0.025510
0 0.675518 0.016192 0.034974 0.032383
0 0.634067 0.009715 0.024611 0.019430
0 0.635363 0.356218 0.032383 0.031088
0 0.250000 0.119171 0.023316 0.033679