0 0.547194 0.580782 0.049320 0.045918
0 0.184550 0.461177 0.036671 0.031091
0 0.402184 0.236368 0.041454 0.039062
0 0.461177 0.065768 0.039860 0.026307
0 0.191327 0.516582 0.032263 0.044268
0 0.476036 0.189767 0.037565 0.040155
0 0.621762 0.055052 0.041451 0.032383
0 0.202720 0.343912 0.034974 0.029793
0 0.195596 0.385363 0.041451 0.034974
0 0.113342 0.312176 0.027202 0.031088
0 0.167746 0.440415 0.045337 0.044041
0 0.110104 0.398964 0.028497 0.033679
0 0.742925 0.122642 0.054245 0.047170
0 0.332547 0.238208 0.042453 0.037736
0 0.360849 0.170401 0.051887 0.043632
0 0.445596 0.168394 0.033679 0.036269