0 0.158528 0.984694 0.028243 0.030612
0 0.113429 0.937044 0.032799 0.033710
0 0.105230 0.887391 0.023688 0.032799
0 0.269224 0.914723 0.023688 0.029155
0 0.131651 0.710641 0.029155 0.030977
0 0.051476 0.241891 0.027332 0.030066
0 0.106596 0.207726 0.022777 0.027332
0 0.311589 0.121629 0.030066 0.037354
0 0.409074 0.128462 0.028243 0.040087
0 0.701531 0.201348 0.026421 0.038265
0 0.673287 0.215926 0.022777 0.030977
0 0.664176 0.238247 0.024599 0.030066
0 0.805849 0.435951 0.030977 0.040999
0 0.650510 0.416363 0.030066 0.038265
0 0.662810 0.487427 0.025510 0.041910
0 0.618622 0.468294 0.022777 0.032799
0 0.598579 0.404519 0.022777 0.038265
0 0.726244 0.680006 0.026307 0.036671
0 0.769691 0.714286 0.031888 0.038265
0 0.485969 0.785714 0.027211 0.027211
0 0.524140 0.824594 0.019841 0.027872
0 0.971665 0.923378 0.029155 0.040999
0 0.696064 0.118896 0.020955 0.022777
0 0.135271 0.293032 0.022825 0.027524
0 0.538751 0.870384 0.023688 0.024295
0 0.040179 0.852679 0.017857 0.026786
0 0.295984 0.083549 0.024611 0.047927
0 0.220855 0.034974 0.040155 0.038860
0 0.173575 0.279793 0.023316 0.036269
0 0.163860 0.312176 0.034974 0.036269
0 0.281088 0.821244 0.046632 0.033679
0 0.808938 0.911917 0.027202 0.046632
0 0.670337 0.812176 0.034974 0.033679
0 0.619819 0.897021 0.032383 0.045337
0 0.966969 0.836140 0.029793 0.045337