0 0.290391 0.321854 0.023810 0.021259
0 0.325255 0.288690 0.023810 0.024660
0 0.380102 0.328656 0.021259 0.028061
0 0.257228 0.604167 0.020408 0.026361
0 0.225340 0.447704 0.031463 0.028061
0 0.227041 0.340136 0.019558 0.020408
0 0.227891 0.371773 0.022959 0.027559
0 0.174016 0.576713 0.022777 0.032799
0 0.149164 0.813138 0.032596 0.033305
0 0.362457 0.940334 0.025510 0.032596
0 0.849915 0.342262 0.023810 0.024660
0 0.855017 0.296344 0.023810 0.022959
0 0.251913 0.772139 0.030977 0.022777
0 0.151361 0.640731 0.033163 0.031463
0 0.814767 0.318653 0.031088 0.031088
0 0.944948 0.222150 0.019430 0.014249
0 0.071891 0.715674 0.024611 0.024611
0 0.114637 0.743523 0.027202 0.028497
0 0.088731 0.850389 0.019430 0.032383
0 0.143135 0.717617 0.024611 0.036269
0 0.170337 0.441710 0.027202 0.044041
0 0.128886 0.539508 0.029793 0.032383
0 0.169041 0.737694 0.024611 0.027202
0 0.182642 0.723446 0.025907 0.027202
0 0.948187 0.382772 0.020725 0.029793
0 0.842617 0.422927 0.014249 0.027202
0 0.827073 0.426166 0.016839 0.033679
0 0.982513 0.067358 0.027202 0.054404
0 0.968264 0.013601 0.022021 0.027202
0 0.935233 0.009715 0.025907 0.019430
0 0.176166 0.821244 0.023316 0.031088
0 0.623705 0.617228 0.027202 0.040155
0 0.765544 0.458549 0.023316 0.036269
0 0.990285 0.753238 0.016839 0.034974
0 0.913860 0.692358 0.022021 0.034974
0 0.896373 0.680699 0.018135 0.034974