0 0.090349 0.268211 0.034014 0.040391
0 0.070153 0.193807 0.034722 0.033305
0 0.048701 0.219156 0.026090 0.031308
0 0.020872 0.257131 0.024930 0.033047
0 0.010291 0.219156 0.020582 0.039425
0 0.260320 0.322646 0.027250 0.033047
0 0.290758 0.349606 0.020872 0.030148
0 0.807599 0.589756 0.032895 0.038265
0 0.812634 0.671063 0.046992 0.046476
0 0.129229 0.890508 0.025510 0.032895
0 0.106069 0.861641 0.024839 0.038265
0 0.029435 0.807005 0.028454 0.034341
0 0.065738 0.860479 0.032378 0.039246
0 0.056907 0.965954 0.030416 0.022567
0 0.094600 0.775227 0.018424 0.026927
0 0.874352 0.247409 0.028497 0.025907
0 0.953368 0.799223 0.028497 0.036269
0 0.928756 0.785622 0.036269 0.045337