0 0.205063 0.027473 0.034341 0.033359
0 0.192308 0.065738 0.034341 0.039246
0 0.181024 0.109400 0.035322 0.048077
0 0.397534 0.151998 0.029053 0.030471
0 0.367772 0.235969 0.030471 0.032596
0 0.356807 0.252081 0.037594 0.042293
0 0.316964 0.313457 0.019770 0.045281
0 0.335778 0.295281 0.026786 0.042092
0 0.335581 0.479227 0.027940 0.024295
0 0.740646 0.704932 0.028061 0.039116
0 0.773810 0.704507 0.024660 0.034864
0 0.164450 0.662354 0.032799 0.036443
0 0.219186 0.683405 0.024168 0.036251
0 0.083364 0.810405 0.030977 0.031888
0 0.130552 0.254352 0.041267 0.043517
0 0.174544 0.241004 0.027524 0.033566
0 0.095663 0.169943 0.039016 0.036765
0 0.323037 0.137533 0.028838 0.037711
0 0.239387 0.315448 0.040094 0.041274
0 0.974741 0.020725 0.014249 0.033679
0 0.948834 0.016192 0.034974 0.032383
0 0.895078 0.049223 0.025907 0.031088
0 0.734456 0.012953 0.031088 0.025906