0 0.437940 0.580546 0.066021 0.073063
0 0.645687 0.517606 0.085387 0.086268
0 0.471391 0.432658 0.076585 0.067782
0 0.575704 0.272007 0.072183 0.051056
0 0.619278 0.203345 0.053697 0.052817
0 0.633803 0.119278 0.049296 0.053697
0 0.801937 0.159331 0.058099 0.051056
0 0.788732 0.220951 0.054577 0.054577
0 0.703785 0.259243 0.048415 0.046655
0 0.768486 0.364877 0.058099 0.069542
0 0.739437 0.413292 0.063380 0.073063
0 0.725792 0.962148 0.039613 0.052817
0 0.761884 0.980634 0.051937 0.038732
0 0.800616 0.992077 0.029049 0.015845
0 0.845070 0.969630 0.031690 0.051937
0 0.870599 0.981074 0.049296 0.037852
0 0.048415 0.981954 0.051056 0.036092
0 0.220207 0.528497 0.049223 0.044041
0 0.277202 0.351036 0.038860 0.059585