0 0.396365 0.809630 0.049745 0.061862
0 0.355230 0.782526 0.027423 0.047194
0 0.291773 0.694834 0.042092 0.046556
0 0.195472 0.714286 0.035714 0.043367
0 0.264668 0.730548 0.032526 0.028699
0 0.206952 0.748724 0.035714 0.039541
0 0.563958 0.215622 0.035228 0.041302
0 0.366557 0.093537 0.037658 0.051020
0 0.257310 0.101060 0.018642 0.039246
0 0.276442 0.114551 0.023548 0.044643
0 0.567807 0.279481 0.045991 0.049528
0 0.606722 0.318396 0.038915 0.051887
0 0.732513 0.330959 0.040155 0.037565
0 0.696891 0.345207 0.036269 0.034974
0 0.611399 0.183290 0.051813 0.042746