0 0.660377 0.456368 0.063679 0.056604
0 0.712854 0.563090 0.055425 0.062500
0 0.682783 0.508844 0.058962 0.053066
0 0.577830 0.537736 0.075472 0.061321
0 0.379127 0.680425 0.067217 0.063679
0 0.301297 0.908019 0.064858 0.056604
0 0.076061 0.896226 0.079009 0.066038
0 0.305425 0.259434 0.051887 0.049528
0 0.450777 0.251295 0.049223 0.036269
0 0.808290 0.088731 0.036269 0.047927
0 0.442358 0.492228 0.029793 0.046632
0 0.418394 0.603627 0.031088 0.041451
0 0.406736 0.924870 0.044041 0.031088
0 0.393782 0.897021 0.044041 0.034974