0 0.551166 0.661917 0.037565 0.038860
0 0.490933 0.656088 0.033679 0.034974
0 0.526554 0.788860 0.037565 0.036269
0 0.428756 0.633420 0.044041 0.038860
0 0.375648 0.663212 0.044041 0.036269
0 0.027850 0.567358 0.045337 0.033679
0 0.039508 0.619171 0.032383 0.036269
0 0.273964 0.393782 0.034974 0.028497
0 0.146373 0.601036 0.033679 0.025907
0 0.433938 0.734456 0.025907 0.028497
0 0.534326 0.282383 0.029793 0.025907
0 0.644430 0.725389 0.019430 0.023316
0 0.641192 0.775259 0.028497 0.032383
0 0.204663 0.899611 0.023316 0.024611
0 0.154793 0.957902 0.024611 0.034974
0 0.158031 0.928109 0.020725 0.037565
0 0.398964 0.348446 0.028497 0.033679
0 0.290803 0.729275 0.024611 0.025907