0 0.153609 0.509683 0.060739 0.086268
0 0.205986 0.511884 0.058099 0.073063
0 0.051937 0.429577 0.038732 0.049296
0 0.008363 0.441461 0.016725 0.067782
0 0.354754 0.516725 0.082746 0.075704
0 0.274648 0.516285 0.058099 0.069542
0 0.409331 0.591989 0.065141 0.051937
0 0.586268 0.717870 0.079225 0.088908
0 0.901408 0.683099 0.088028 0.066901
0 0.961708 0.648327 0.060739 0.069542
0 0.952025 0.731514 0.053697 0.091549
0 0.983275 0.713468 0.033450 0.066021
0 0.895246 0.602553 0.095070 0.085387
0 0.939261 0.829665 0.082746 0.102993
0 0.492077 0.341109 0.049296 0.048415
0 0.539173 0.344190 0.037852 0.054577
0 0.503961 0.290053 0.044894 0.037852
0 0.483715 0.270687 0.048415 0.034331
0 0.517487 0.917098 0.071244 0.064767
0 0.487047 0.838083 0.051813 0.101036