0 0.058539 0.763644 0.032570 0.046655
0 0.123239 0.411972 0.042254 0.038732
0 0.137764 0.369278 0.034331 0.032570
0 0.058099 0.402289 0.033451 0.038732
0 0.261444 0.393926 0.028169 0.039613
0 0.286532 0.472711 0.034331 0.042254
0 0.428257 0.355634 0.029049 0.040493
0 0.561620 0.480634 0.044014 0.040493
0 0.704225 0.446743 0.038732 0.044894
0 0.725792 0.399648 0.039613 0.044014
0 0.899208 0.448063 0.041373 0.045775
0 0.843750 0.142165 0.043134 0.034331
0 0.572623 0.628081 0.039613 0.046655
0 0.597271 0.686180 0.044894 0.039613
0 0.537852 0.724032 0.051056 0.051937
0 0.607394 0.745158 0.044014 0.032570
0 0.544894 0.856074 0.045775 0.050176
0 0.497799 0.829665 0.044894 0.046655
0 0.450704 0.793574 0.031690 0.043134
0 0.424736 0.801496 0.023768 0.036092
0 0.437940 0.843310 0.046655 0.045775
0 0.587148 0.972711 0.036972 0.047535
0 0.540933 0.902729 0.036092 0.036092
0 0.315415 0.964378 0.024611 0.034974
0 0.965674 0.155440 0.022021 0.025907
0 0.926813 0.160622 0.042746 0.020725