0 0.626664 0.813831 0.036047 0.040484
0 0.599213 0.722050 0.039929 0.045475
0 0.689330 0.870120 0.031610 0.042147
0 0.704026 0.837400 0.039929 0.036602
0 0.722604 0.804126 0.034938 0.044366
0 0.693027 0.985909 0.021259 0.028182
0 0.843052 0.981961 0.038265 0.036078
0 0.782775 0.585071 0.037711 0.045475
0 0.764474 0.573702 0.023292 0.039374
0 0.793048 0.139668 0.038265 0.039541
0 0.803253 0.088010 0.035714 0.038265
0 0.875440 0.477553 0.051937 0.058979
0 0.821303 0.576585 0.045775 0.058099
0 0.517606 0.705986 0.061620 0.049296
0 0.561180 0.853433 0.043134 0.053697