0 0.766839 0.150259 0.062176 0.064767
0 0.734456 0.334845 0.067358 0.073834
0 0.680699 0.407383 0.055699 0.055699
0 0.656088 0.509067 0.050518 0.067358
0 0.612047 0.517487 0.042746 0.047927
0 0.564767 0.543394 0.038860 0.042746
0 0.538860 0.986399 0.041451 0.027202
0 0.439119 0.453368 0.072539 0.064767
0 0.520725 0.487694 0.046632 0.053109
0 0.401554 0.511010 0.049223 0.040155
0 0.396373 0.591321 0.036269 0.027202
0 0.329016 0.581606 0.046632 0.049223
0 0.380181 0.661269 0.047927 0.047927
0 0.448834 0.840674 0.027202 0.041451