0 0.550064 0.472258 0.033163 0.035077
0 0.810285 0.216837 0.022154 0.029538
0 0.822368 0.256445 0.024839 0.034909
0 0.891179 0.267521 0.030881 0.032895
0 0.850564 0.217844 0.019468 0.030209
0 0.872382 0.193676 0.030881 0.031552
0 0.758220 0.691256 0.031888 0.038974
0 0.299391 0.856009 0.026927 0.026927
0 0.826956 0.808615 0.027211 0.030496
0 0.866004 0.863655 0.034237 0.040951
0 0.927934 0.888871 0.021524 0.038265
0 0.863247 0.968021 0.025510 0.030066
0 0.697762 0.035946 0.024351 0.033627
0 0.907130 0.857394 0.027289 0.047535