0 0.043632 0.137382 0.040094 0.038915
0 0.215802 0.142099 0.035377 0.034198
0 0.939269 0.133844 0.038915 0.043632
0 0.215802 0.710495 0.051887 0.050708
0 0.229895 0.890306 0.037620 0.044860
0 0.495283 0.852005 0.047170 0.043632
0 0.718160 0.941627 0.054245 0.050708
0 0.248705 0.103627 0.025907 0.028497
0 0.331606 0.045337 0.020725 0.025907
0 0.384067 0.060233 0.027202 0.034974
0 0.393135 0.112694 0.024611 0.025907
0 0.403497 0.136658 0.024611 0.029793
0 0.367228 0.125000 0.019430 0.032383
0 0.286917 0.169041 0.034974 0.024611
0 0.169041 0.156736 0.029793 0.036269
0 0.146373 0.105570 0.031088 0.016839
0 0.126295 0.161269 0.022021 0.019430
0 0.121762 0.130181 0.018135 0.022021
0 0.290155 0.884715 0.031088 0.033679
0 0.277202 0.783031 0.031088 0.040155
0 0.332902 0.966321 0.031088 0.031088
0 0.101684 0.444301 0.040155 0.044041