0 0.117925 0.049528 0.040094 0.035377
0 0.140920 0.294222 0.041274 0.034198
0 0.102005 0.537736 0.036557 0.030660
0 0.111439 0.609080 0.038915 0.031840
0 0.097877 0.658019 0.042453 0.037736
0 0.399764 0.324292 0.035377 0.035377
0 0.333137 0.306604 0.041274 0.037736
0 0.331958 0.129127 0.050708 0.036557
0 0.251769 0.132075 0.031840 0.035377
0 0.303066 0.035967 0.040094 0.029481
0 0.298939 0.152712 0.036557 0.036557
0 0.272406 0.164505 0.042453 0.048349
0 0.867925 0.221108 0.044811 0.043632
0 0.966981 0.278892 0.056604 0.043632
0 0.458549 0.240285 0.033679 0.029793