0 0.696216 0.836876 0.025510 0.039683
0 0.663974 0.758220 0.014881 0.025510
0 0.550241 0.675666 0.026927 0.034722
0 0.471230 0.642007 0.029053 0.038265
0 0.348994 0.520153 0.025510 0.019898
0 0.092076 0.268256 0.025510 0.034279
0 0.146684 0.266661 0.018335 0.032685
0 0.379863 0.133929 0.038265 0.036671
0 0.398198 0.043447 0.023916 0.027902
0 0.569994 0.039860 0.019930 0.025510
0 0.770886 0.067761 0.023119 0.019133
0 0.853091 0.336510 0.023259 0.027761
0 0.101684 0.102979 0.032383 0.042746
0 0.497409 0.032383 0.028497 0.031088