0 0.403257 0.222233 0.045624 0.055926
0 0.431466 0.253140 0.039246 0.060832
0 0.715349 0.797991 0.047300 0.057929
0 0.771152 0.838116 0.045174 0.056335
0 0.917304 0.716146 0.051552 0.037734
0 0.500866 0.479227 0.034621 0.041910
0 0.746753 0.293657 0.056238 0.057398
0 0.777481 0.264668 0.051600 0.055079
0 0.826763 0.243506 0.072472 0.066095
0 0.877493 0.248145 0.046382 0.061456
0 0.113996 0.459067 0.078345 0.066021
0 0.863996 0.194982 0.041373 0.036092
0 0.068662 0.868398 0.056338 0.062500
0 0.111399 0.196891 0.051813 0.056995
0 0.267487 0.054404 0.045337 0.038860