0 0.385328 0.310667 0.050587 0.075558
0 0.469377 0.231343 0.068287 0.063722
0 0.698504 0.143926 0.064261 0.076585
0 0.753521 0.048415 0.075704 0.054577
0 0.773327 0.101232 0.058979 0.061620
0 0.754842 0.157570 0.053697 0.073944
0 0.904049 0.178257 0.044014 0.062500
0 0.937500 0.195863 0.056338 0.064261
0 0.966989 0.242077 0.058979 0.070423
0 0.283891 0.546655 0.062500 0.066901
0 0.211268 0.575264 0.068662 0.069542
0 0.078785 0.553697 0.081866 0.065141
0 0.492518 0.647447 0.057218 0.062500
0 0.898964 0.102979 0.031088 0.042746