0 0.650510 0.166454 0.039541 0.029337
0 0.536990 0.209184 0.039541 0.035714
0 0.528699 0.306760 0.033163 0.034439
0 0.488520 0.360969 0.031888 0.040816
0 0.455995 0.302296 0.038265 0.038265
0 0.434311 0.346301 0.030612 0.034439
0 0.247449 0.074617 0.039541 0.034439
0 0.172832 0.101403 0.045918 0.039541
0 0.070791 0.563138 0.038265 0.026786
0 0.143495 0.579719 0.030612 0.024235
0 0.087372 0.618622 0.045918 0.030612
0 0.229592 0.635204 0.031888 0.038265
0 0.269133 0.723214 0.031888 0.035714
0 0.299745 0.587372 0.036990 0.042092
0 0.329082 0.598852 0.031888 0.042092
0 0.407526 0.592474 0.038265 0.044643
0 0.445153 0.562500 0.047194 0.040816
0 0.410077 0.658163 0.030612 0.033163
0 0.599490 0.549745 0.042092 0.035714
0 0.612883 0.524235 0.040816 0.030612
0 0.673469 0.501913 0.044643 0.036990
0 0.741709 0.517857 0.020408 0.025510
0 0.805485 0.503827 0.030612 0.028061
0 0.798469 0.603316 0.034439 0.028061
0 0.950893 0.619898 0.030612 0.025510
0 0.966199 0.743622 0.028061 0.028061
0 0.911352 0.788903 0.043367 0.036990
0 0.952806 0.908163 0.036990 0.033163
0 0.821429 0.850128 0.024235 0.021684
0 0.781888 0.648597 0.029337 0.026786
0 0.751276 0.468112 0.019133 0.025510
0 0.179209 0.690689 0.038265 0.036990
0 0.216837 0.832270 0.034439 0.042092
0 0.282526 0.883929 0.043367 0.045918
0 0.320153 0.867985 0.042092 0.036990
0 0.422832 0.968112 0.028061 0.030612
0 0.480230 0.860332 0.043367 0.039541
0 0.518495 0.889668 0.038265 0.039541
0 0.523597 0.750638 0.033163 0.042092
0 0.647321 0.837372 0.040816 0.042092
0 0.770408 0.701531 0.047194 0.038265
0 0.672832 0.729592 0.028061 0.033163
0 0.815051 0.740434 0.036990 0.034439
0 0.771046 0.828444 0.035714 0.031888
0 0.804209 0.799107 0.035714 0.029337
0 0.250000 0.982143 0.042092 0.035714
0 0.143495 0.646684 0.030612 0.038265
0 0.022003 0.810587 0.044005 0.034439
0 0.210492 0.429404 0.034974 0.040155
0 0.210492 0.517487 0.037565 0.034974
0 0.706606 0.656088 0.037565 0.027202
0 0.168394 0.963731 0.028497 0.041451
0 0.042746 0.905440 0.031088 0.031088
0 0.488990 0.265544 0.032383 0.036269
0 0.179577 0.344190 0.028169 0.036972
0 0.213468 0.171655 0.037852 0.036972
0 0.944301 0.792746 0.023316 0.023316
0 0.982513 0.753886 0.032383 0.018135
0 0.838731 0.984456 0.040155 0.031088
0 0.154793 0.551166 0.032383 0.032383
0 0.156088 0.514896 0.027202 0.032383
0 0.104275 0.523964 0.032383 0.032383
0 0.569301 0.016839 0.040155 0.033678
0 0.227332 0.033031 0.037565 0.037565
0 0.047280 0.612047 0.029793 0.024611