0 0.956606 0.507772 0.063472 0.059585
0 0.973446 0.645078 0.053108 0.062176
0 0.988990 0.707902 0.022020 0.063472
0 0.980570 0.762953 0.038860 0.044041
0 0.284326 0.496114 0.050518 0.051813
0 0.395078 0.435881 0.051813 0.045337
0 0.640544 0.505829 0.027202 0.034974
0 0.733161 0.504534 0.020725 0.029793
0 0.891192 0.661269 0.023316 0.037565
0 0.877591 0.600389 0.019430 0.027202
0 0.830959 0.730570 0.016839 0.028497
0 0.599093 0.291451 0.024611 0.036269
0 0.914508 0.877591 0.023316 0.034974
0 0.860104 0.869819 0.023316 0.032383
0 0.768782 0.590026 0.019430 0.027202
0 0.724741 0.610104 0.022021 0.033679
0 0.696244 0.599093 0.019430 0.029793
0 0.455311 0.212435 0.027202 0.028497
0 0.524611 0.200777 0.020725 0.025907
0 0.509715 0.133420 0.016839 0.031088
0 0.522021 0.118523 0.023316 0.024611