0 0.705357 0.033418 0.029592 0.022959
0 0.706122 0.076786 0.025000 0.027041
0 0.764541 0.090816 0.026531 0.016327
0 0.756378 0.108929 0.032653 0.027041
0 0.712755 0.180612 0.027041 0.022449
0 0.725255 0.215561 0.021429 0.017857
0 0.577296 0.282143 0.022449 0.018367
0 0.547959 0.143367 0.018878 0.025510
0 0.533163 0.115816 0.020918 0.026531
0 0.674235 0.066071 0.028571 0.021939
0 0.478319 0.099068 0.024495 0.026707
0 0.486607 0.376488 0.022959 0.025085
0 0.497024 0.473639 0.020833 0.022109
0 0.447202 0.392509 0.027443 0.029762
0 0.459377 0.423044 0.027056 0.028216
0 0.735914 0.758374 0.029392 0.022737
0 0.693767 0.705135 0.036047 0.029392
0 0.703391 0.946003 0.027636 0.024447
0 0.526414 0.767166 0.021259 0.018601
0 0.584343 0.588861 0.024447 0.030825
0 0.603548 0.311920 0.021452 0.026670
0 0.247307 0.965136 0.027636 0.021259
0 0.895647 0.128348 0.023916 0.023916
0 0.306122 0.432224 0.029569 0.019133
0 0.603905 0.421409 0.023057 0.027473
0 0.683569 0.198899 0.029088 0.026730
0 0.683176 0.176887 0.023585 0.018868
0 0.708726 0.156447 0.018082 0.022013
0 0.705582 0.129717 0.024371 0.018868
0 0.419811 0.311714 0.029874 0.030660
0 0.355346 0.092374 0.028302 0.019654
0 0.458333 0.123821 0.025157 0.029088
0 0.511399 0.127752 0.021226 0.024371
0 0.953616 0.272013 0.040881 0.034591
0 0.890723 0.309748 0.022013 0.029874
0 0.202437 0.470126 0.046384 0.044025
0 0.057783 0.469340 0.036950 0.031447
0 0.067217 0.534198 0.033805 0.030660
0 0.012186 0.808569 0.022799 0.025943
0 0.074292 0.873821 0.025943 0.021226
0 0.027123 0.974057 0.024371 0.023585
0 0.216981 0.928459 0.037736 0.025157
0 0.741352 0.913129 0.037736 0.027516
0 0.724057 0.842767 0.031447 0.028302
0 0.203223 0.884827 0.030660 0.021226
0 0.202830 0.856525 0.026730 0.019654
0 0.146226 0.761792 0.031447 0.023585
0 0.125786 0.707547 0.023585 0.023585
0 0.166274 0.676887 0.021226 0.022013
0 0.527850 0.219560 0.032383 0.022021
0 0.505829 0.919041 0.029793 0.019430
0 0.482513 0.968912 0.034974 0.031088
0 0.529145 0.990285 0.029793 0.019430
0 0.624352 0.396373 0.023316 0.020725
0 0.115933 0.307642 0.029793 0.027202
0 0.715674 0.296632 0.022021 0.033679
0 0.982513 0.180699 0.034974 0.029793
0 0.518782 0.709197 0.022021 0.024611
0 0.178109 0.049870 0.032383 0.024611
0 0.288212 0.373057 0.019430 0.033679