0 0.353499 0.012755 0.033710 0.025510
0 0.385386 0.011388 0.028243 0.022776
0 0.331633 0.049654 0.022777 0.030066
0 0.370809 0.172649 0.028243 0.035532
0 0.556214 0.325711 0.027332 0.037354
0 0.627278 0.434585 0.034621 0.027332
0 0.617711 0.564869 0.020955 0.030977
0 0.580813 0.638211 0.018222 0.028243
0 0.567602 0.589012 0.026421 0.031888
0 0.499727 0.513848 0.027332 0.034621
0 0.528881 0.629100 0.023688 0.026421
0 0.459184 0.472394 0.026421 0.028243
0 0.490160 0.447795 0.031888 0.028243
0 0.471028 0.425018 0.030066 0.026421
0 0.507471 0.310222 0.022777 0.031888
0 0.797194 0.453262 0.020955 0.024599
0 0.905157 0.104774 0.020044 0.030977
0 0.781706 0.098397 0.022777 0.020044
0 0.854136 0.360332 0.023688 0.026421
0 0.714741 0.622722 0.025510 0.026421
0 0.289267 0.138484 0.020044 0.029155
0 0.309767 0.154428 0.019133 0.028243
0 0.271046 0.147139 0.023688 0.035532
0 0.259202 0.122996 0.020044 0.030977
0 0.271046 0.081997 0.021866 0.034621
0 0.457817 0.090652 0.036443 0.026421
0 0.579446 0.242347 0.024599 0.021866
0 0.259708 0.350765 0.022676 0.026927
0 0.265023 0.374504 0.023384 0.020550
0 0.255102 0.425170 0.019133 0.022676
0 0.284510 0.404620 0.017007 0.026927
0 0.051511 0.346350 0.027473 0.031397
0 0.052492 0.296311 0.029435 0.023548
0 0.193098 0.751842 0.015590 0.028345
0 0.906103 0.921801 0.021586 0.028454
0 0.907084 0.834478 0.023548 0.036303
0 0.971301 0.893985 0.028061 0.025805
0 0.825777 0.117228 0.034974 0.032383
0 0.849741 0.137953 0.031088 0.024611
0 0.444301 0.308938 0.023316 0.034974
0 0.518135 0.256477 0.028497 0.033679
0 0.533679 0.290803 0.028497 0.032383
0 0.227979 0.279145 0.036269 0.034974
0 0.178756 0.063472 0.033679 0.038860
0 0.219560 0.082902 0.027202 0.038860
0 0.296632 0.171632 0.033679 0.029793
0 0.167098 0.014249 0.031088 0.028497
0 0.125648 0.025259 0.020725 0.027202
0 0.454663 0.242228 0.020725 0.031088
0 0.200777 0.044041 0.028497 0.036269
0 0.148316 0.382772 0.022021 0.032383
0 0.876295 0.346503 0.024611 0.027202
0 0.912565 0.347150 0.032383 0.033679
0 0.946244 0.352332 0.024611 0.025907
0 0.560881 0.808290 0.023316 0.038860