0 0.988342 0.538212 0.023316 0.047927
0 0.453368 0.758420 0.025907 0.037565
0 0.667746 0.359456 0.037565 0.037565
0 0.642487 0.323834 0.025907 0.036269
0 0.873057 0.053109 0.046632 0.041451
0 0.777850 0.085492 0.024611 0.031088
0 0.498057 0.199482 0.019430 0.028497
0 0.796632 0.273964 0.028497 0.027202
0 0.437824 0.103627 0.023316 0.023316
0 0.332254 0.060881 0.019430 0.033679
0 0.294689 0.044689 0.016839 0.029793
0 0.377591 0.113990 0.024611 0.031088
0 0.293394 0.178109 0.019430 0.029793
0 0.185233 0.229922 0.028497 0.032383
0 0.395725 0.046632 0.022021 0.028497
0 0.375000 0.042746 0.024611 0.031088
0 0.319948 0.933290 0.033679 0.029793