0 0.067342 0.249120 0.050176 0.061620
0 0.107394 0.308979 0.036972 0.051056
0 0.062060 0.305898 0.064261 0.051937
0 0.250440 0.254842 0.060739 0.053697
0 0.207306 0.208627 0.041373 0.044014
0 0.492958 0.147887 0.035211 0.036972
0 0.050176 0.055458 0.054577 0.047535
0 0.010123 0.056778 0.020246 0.064261
0 0.530370 0.606074 0.041373 0.041373
0 0.047535 0.724912 0.049296 0.055458
0 0.693222 0.835827 0.051937 0.046655
0 0.705546 0.792254 0.050176 0.051056
0 0.024648 0.957746 0.049296 0.038732
0 0.074384 0.988116 0.069542 0.023768
0 0.021127 0.988116 0.040493 0.022007