0 0.065370 0.061650 0.034014 0.038265
0 0.125957 0.090349 0.027636 0.036139
0 0.104698 0.296556 0.029762 0.036139
0 0.241221 0.441552 0.027011 0.038265
0 0.078231 0.518707 0.036565 0.045918
0 0.076531 0.374575 0.026361 0.031463
0 0.058379 0.172194 0.031397 0.032378
0 0.153699 0.882972 0.038265 0.042730
0 0.394133 0.885204 0.027423 0.028061
0 0.561224 0.235969 0.031250 0.028061
0 0.987883 0.793367 0.024234 0.042517
0 0.106074 0.058099 0.029049 0.051056
0 0.029793 0.012953 0.031088 0.025906
0 0.371762 0.858808 0.031088 0.044041
0 0.066062 0.487047 0.028497 0.036269