0 0.824482 0.371114 0.045337 0.058290
0 0.810881 0.455311 0.046632 0.055699
0 0.759067 0.681347 0.051813 0.056995
0 0.829016 0.827073 0.044041 0.047927
0 0.801813 0.863342 0.031088 0.027202
0 0.777850 0.879534 0.045337 0.044041
0 0.741580 0.937824 0.040155 0.044041
0 0.637306 0.936528 0.051813 0.038860
0 0.755829 0.810233 0.045337 0.050518
0 0.685881 0.700777 0.045337 0.051813
0 0.658031 0.772668 0.046632 0.060881
0 0.299223 0.384067 0.031088 0.034974
0 0.051813 0.471503 0.031088 0.041451
0 0.010363 0.559585 0.020725 0.036269