0 0.170422 0.290887 0.042517 0.041808
0 0.201601 0.251913 0.042517 0.044643
0 0.161565 0.233135 0.026219 0.028345
0 0.329507 0.340845 0.030471 0.053855
0 0.379110 0.326318 0.027636 0.044643
0 0.384425 0.394345 0.036848 0.048895
0 0.693878 0.146365 0.028699 0.035077
0 0.746492 0.095026 0.021684 0.014031
0 0.632015 0.196429 0.037628 0.045918
0 0.601403 0.248724 0.033801 0.039541
0 0.628189 0.292730 0.036352 0.039541
0 0.666135 0.319834 0.030612 0.037628
0 0.795599 0.275829 0.029337 0.027423
0 0.709821 0.255740 0.026148 0.028061
0 0.638074 0.395408 0.038265 0.043367
0 0.561862 0.400191 0.027423 0.040179
0 0.570472 0.451212 0.038265 0.033801
0 0.606186 0.450893 0.034439 0.038265
0 0.536565 0.474490 0.026786 0.036565
0 0.522747 0.486182 0.026361 0.042942
0 0.498087 0.531463 0.031463 0.037415
0 0.551658 0.555272 0.031463 0.039116
0 0.488308 0.635204 0.029762 0.038265
0 0.534651 0.621811 0.022959 0.037840
0 0.803196 0.599490 0.031888 0.029262
0 0.844275 0.691214 0.037515 0.035639
0 0.970701 0.677146 0.034514 0.036014
0 0.280376 0.698696 0.037793 0.047241
0 0.345333 0.678855 0.040155 0.042517
0 0.207152 0.787509 0.039683 0.046296
0 0.120229 0.821995 0.038738 0.045351
0 0.209987 0.893566 0.034014 0.031652
0 0.241638 0.867111 0.040627 0.042989
0 0.305178 0.884590 0.031652 0.039210
0 0.284628 0.977655 0.035903 0.031652
0 0.347695 0.869237 0.025038 0.035903
0 0.347695 0.894274 0.024093 0.026455
0 0.108596 0.554670 0.046769 0.044289
0 0.126134 0.604450 0.030116 0.044643
0 0.076075 0.867802 0.038721 0.030977