0 0.369718 0.634683 0.117958 0.107394
0 0.413732 0.849912 0.109155 0.106514
0 0.390845 0.935739 0.102113 0.077465
0 0.634683 0.962588 0.125000 0.074824
0 0.467430 0.957746 0.098592 0.084507
0 0.134243 0.389965 0.113556 0.121479
0 0.500880 0.275968 0.059859 0.064261
0 0.638204 0.419894 0.059859 0.065141
0 0.817782 0.512764 0.091549 0.095951
0 0.895687 0.497799 0.087148 0.076585
0 0.874560 0.602553 0.071303 0.067782
0 0.481074 0.062500 0.074824 0.080986
0 0.305458 0.132042 0.068662 0.082746
0 0.411269 0.774611 0.102332 0.077720