0 0.730542 0.167453 0.050708 0.068396
0 0.871462 0.189269 0.054245 0.045991
0 0.802476 0.211085 0.050708 0.063679
0 0.764151 0.183373 0.037736 0.060142
0 0.884434 0.366745 0.047170 0.063679
0 0.798349 0.364387 0.049528 0.037736
0 0.762972 0.359080 0.042453 0.048349
0 0.698113 0.385613 0.061321 0.061321
0 0.817807 0.527712 0.045991 0.060142
0 0.712854 0.584906 0.055425 0.063679
0 0.906840 0.577241 0.047170 0.053066
0 0.875590 0.521816 0.041274 0.050708
0 0.979953 0.726415 0.040094 0.077830
0 0.952241 0.879127 0.062500 0.064858
0 0.767099 0.718160 0.053066 0.061321
0 0.709316 0.754127 0.045991 0.048349
0 0.847877 0.843160 0.061321 0.073113
0 0.791863 0.832547 0.057783 0.058962
0 0.810142 0.773585 0.058962 0.070755
0 0.765920 0.788325 0.064858 0.069575
0 0.709845 0.531736 0.051813 0.045337
0 0.042098 0.190415 0.032383 0.049223
0 0.906088 0.884715 0.029793 0.041451
0 0.907383 0.826425 0.034974 0.051813