0 0.789613 0.780370 0.058099 0.060739
0 0.850792 0.724912 0.060739 0.051937
0 0.824824 0.954225 0.049296 0.038732
0 0.820863 0.987236 0.064261 0.025528
0 0.882923 0.988996 0.051056 0.022007
0 0.725792 0.459507 0.055458 0.054577
0 0.867518 0.253081 0.057218 0.051937
0 0.852553 0.051937 0.060739 0.065141
0 0.797095 0.057218 0.053697 0.051056
0 0.651408 0.021127 0.047535 0.042254
0 0.603873 0.021127 0.045775 0.042254
0 0.554137 0.020687 0.050176 0.041373
0 0.035211 0.448063 0.049296 0.058099
0 0.084947 0.307658 0.048415 0.057218
0 0.915933 0.313820 0.064261 0.057218
0 0.871479 0.300616 0.066901 0.051937
0 0.011884 0.893046 0.023768 0.048415