0 0.364735 0.555151 0.035228 0.046161
0 0.432155 0.777454 0.046161 0.048591
0 0.443695 0.831815 0.049806 0.047983
0 0.533892 0.539359 0.047983 0.055879
0 0.573980 0.577624 0.056487 0.059524
0 0.576105 0.511419 0.052235 0.058309
0 0.611334 0.519619 0.029155 0.057702
0 0.847816 0.230788 0.031888 0.037468
0 0.808008 0.320819 0.028283 0.036047
0 0.300416 0.553840 0.037594 0.045650
0 0.734456 0.961788 0.049223 0.055699
0 0.854275 0.957254 0.055699 0.069948
0 0.631477 0.481865 0.055699 0.049223
0 0.633420 0.509067 0.025907 0.025907