0 0.803697 0.584947 0.045775 0.041373
0 0.819982 0.537412 0.044894 0.044894
0 0.869278 0.542254 0.041373 0.052817
0 0.909331 0.463028 0.054577 0.054577
0 0.861356 0.322623 0.048415 0.050176
0 0.897007 0.225352 0.054577 0.058099
0 0.782130 0.035211 0.055458 0.056338
0 0.783451 0.455106 0.059859 0.070423
0 0.155810 0.545775 0.059859 0.058099
0 0.192782 0.454665 0.054577 0.051937
0 0.078345 0.496479 0.047535 0.061620
0 0.842167 0.844306 0.039257 0.060092
0 0.907130 0.826585 0.053697 0.036972
0 0.877201 0.795775 0.039613 0.049296
0 0.852553 0.762324 0.051937 0.049296
0 0.904049 0.952465 0.068662 0.063380
0 0.256477 0.344560 0.031088 0.025907
0 0.539508 0.056347 0.027202 0.029793
0 0.649611 0.067358 0.032383 0.033679
0 0.952720 0.550518 0.037565 0.036269