0 0.213861 0.371599 0.035714 0.039116
0 0.332483 0.482993 0.029762 0.047619
0 0.380102 0.581207 0.026361 0.036565
0 0.414541 0.600340 0.028912 0.037415
0 0.380712 0.620563 0.028838 0.041038
0 0.405390 0.687389 0.036047 0.041593
0 0.301162 0.585672 0.031888 0.040391
0 0.294886 0.662962 0.029155 0.043124
0 0.334062 0.667821 0.024903 0.039480
0 0.398749 0.950255 0.029155 0.033406
0 0.730989 0.790513 0.019436 0.017614
0 0.733722 0.812454 0.023688 0.021410
0 0.950787 0.814201 0.031888 0.034014
0 0.323262 0.205277 0.027105 0.043846
0 0.174927 0.621356 0.026421 0.045554
0 0.169461 0.664176 0.026421 0.040087
0 0.181052 0.904549 0.031179 0.038974
0 0.194161 0.866638 0.031888 0.039683
0 0.203727 0.825893 0.035431 0.036139
0 0.212939 0.780187 0.028345 0.038265
0 0.151239 0.778972 0.031888 0.036443
0 0.274610 0.381903 0.026261 0.033013
0 0.132075 0.612618 0.049528 0.053066
0 0.949882 0.635024 0.036557 0.053066
0 0.969929 0.668632 0.041274 0.040094
0 0.971698 0.574292 0.035377 0.042453
0 0.097877 0.971698 0.051887 0.042453
0 0.979953 0.817217 0.025943 0.028302
0 0.972877 0.735849 0.040094 0.047170
0 0.406736 0.562824 0.041451 0.042746
0 0.869819 0.715674 0.022021 0.016839
0 0.911917 0.744819 0.020725 0.020725
0 0.889896 0.850389 0.023316 0.034974
0 0.940415 0.715026 0.023316 0.028497
0 0.323834 0.936528 0.028497 0.041451
0 0.505181 0.768782 0.028497 0.022021
0 0.325130 0.266839 0.033679 0.054404
0 0.177461 0.746762 0.033679 0.042746
0 0.360104 0.870466 0.028497 0.046632
0 0.132772 0.878238 0.027202 0.036269
0 0.369171 0.129534 0.025907 0.036269