0 0.398863 0.560162 0.023384 0.035077
0 0.443240 0.550064 0.021790 0.032951
0 0.713454 0.433119 0.018855 0.032165
0 0.685171 0.920308 0.028838 0.040484
0 0.763365 0.872338 0.023292 0.048802
0 0.622749 0.869223 0.024760 0.035264
0 0.906363 0.884604 0.024760 0.037515
0 0.931498 0.711660 0.028511 0.030762
0 0.851215 0.243097 0.030012 0.027011
0 0.933938 0.296632 0.028497 0.044041
0 0.963083 0.314119 0.029793 0.034974
0 0.972150 0.281088 0.027202 0.038860
0 0.905440 0.209197 0.031088 0.029793
0 0.574482 0.048575 0.029793 0.032383
0 0.564767 0.021373 0.023316 0.029793
0 0.913860 0.937176 0.037565 0.045337
0 0.957254 0.983808 0.036269 0.032383