0 0.127976 0.693027 0.034014 0.037415
0 0.321854 0.833333 0.023810 0.030612
0 0.790816 0.896684 0.028061 0.038265
0 0.954932 0.886054 0.033163 0.045918
0 0.877976 0.522109 0.040816 0.042517
0 0.861395 0.488095 0.028061 0.028912
0 0.878827 0.375000 0.030612 0.027211
0 0.904762 0.296698 0.024660 0.037273
0 0.928146 0.089711 0.022109 0.036565
0 0.860119 0.164541 0.028912 0.024660
0 0.863520 0.062925 0.030612 0.037415
0 0.905187 0.061224 0.023810 0.035714
0 0.721859 0.560826 0.019133 0.029496
0 0.748964 0.593112 0.017538 0.030293
0 0.255102 0.257653 0.029762 0.032313
0 0.185268 0.191964 0.015306 0.022959
0 0.206314 0.191964 0.010204 0.022959
0 0.832254 0.013601 0.027202 0.027202
0 0.296632 0.053109 0.038860 0.038860
0 0.139896 0.382124 0.033679 0.033679
0 0.077073 0.795984 0.019430 0.027202