0 0.242925 0.767689 0.146226 0.153302
0 0.440448 0.599646 0.140330 0.135613
0 0.540684 0.567807 0.095519 0.128538
0 0.721108 0.980542 0.112028 0.038915
0 0.599646 0.803656 0.102594 0.126179
0 0.247052 0.324882 0.137972 0.152123
0 0.310731 0.418042 0.119104 0.135613
0 0.321934 0.492335 0.125000 0.100236
0 0.378538 0.348467 0.141509 0.154481
0 0.515330 0.379717 0.143868 0.153302
0 0.642099 0.299528 0.130896 0.129717
0 0.427476 0.232901 0.130896 0.116745
0 0.555699 0.663860 0.098446 0.107513
0 0.568653 0.483808 0.077720 0.146373
0 0.913860 0.362694 0.097150 0.080311
0 0.415155 0.686528 0.068653 0.088083
0 0.523964 0.786269 0.073834 0.095855
0 0.792098 0.916451 0.099741 0.081606