0 0.329719 0.014668 0.028061 0.021684
0 0.318878 0.064413 0.026786 0.029337
0 0.291454 0.146046 0.030612 0.026786
0 0.426020 0.318878 0.042092 0.033163
0 0.490434 0.349490 0.038265 0.030612
0 0.263393 0.351403 0.025510 0.026786
0 0.297194 0.359694 0.021684 0.033163
0 0.188138 0.346939 0.033163 0.030612
0 0.191964 0.038265 0.030612 0.028061
0 0.153061 0.173469 0.034439 0.028061
0 0.156250 0.271684 0.028061 0.028061
0 0.154337 0.306122 0.031888 0.030612
0 0.082908 0.650510 0.039541 0.025510
0 0.196429 0.687500 0.031888 0.035714
0 0.258291 0.712372 0.038265 0.026786
0 0.322066 0.815689 0.038265 0.031888
0 0.402423 0.838010 0.038265 0.035714
0 0.667730 0.757653 0.033163 0.033163
0 0.580357 0.965561 0.036990 0.035714
0 0.370536 0.898597 0.043367 0.026786
0 0.202806 0.983418 0.034439 0.030612
0 0.088648 0.935587 0.033163 0.042092
0 0.043367 0.551658 0.036990 0.031888
0 0.021046 0.195791 0.038265 0.034439
0 0.110332 0.116071 0.028061 0.028061
0 0.466321 0.449482 0.033679 0.028497
0 0.087435 0.088083 0.040155 0.025907
0 0.361399 0.215674 0.028497 0.024611
0 0.700130 0.860104 0.037565 0.028497
0 0.441710 0.835492 0.031088 0.025907
0 0.167746 0.592617 0.029793 0.032383
0 0.017487 0.815415 0.034974 0.029793
0 0.007772 0.767487 0.015544 0.029793
0 0.029793 0.958549 0.031088 0.025907
0 0.145725 0.946891 0.034974 0.033679
0 0.095855 0.174223 0.028497 0.027202
0 0.569948 0.818653 0.031088 0.020725
0 0.601684 0.820596 0.029793 0.032383
0 0.231218 0.343264 0.024611 0.025907
0 0.198187 0.018782 0.023316 0.027202