0 0.142432 0.651786 0.035714 0.036565
0 0.127976 0.761905 0.028912 0.035714
0 0.130102 0.797619 0.017857 0.032313
0 0.182398 0.792942 0.022109 0.026361
0 0.167517 0.811650 0.026361 0.038265
0 0.184099 0.867347 0.027211 0.037415
0 0.306548 0.785714 0.018707 0.022109
0 0.354167 0.809949 0.032313 0.031463
0 0.380527 0.803146 0.030612 0.031463
0 0.435374 0.764456 0.031463 0.020408
0 0.332058 0.849490 0.023810 0.028912
0 0.271684 0.881378 0.017007 0.028061
0 0.260204 0.921769 0.021259 0.030612
0 0.269983 0.945153 0.020408 0.029762
0 0.292517 0.936650 0.019558 0.028061
0 0.077021 0.729984 0.031397 0.031397
0 0.783072 0.900601 0.025510 0.022777
0 0.906523 0.906523 0.019133 0.032799
0 0.988839 0.888393 0.022321 0.034439
0 0.824830 0.916966 0.026573 0.024834
0 0.457766 0.892149 0.037557 0.031179
0 0.072524 0.613797 0.045991 0.048349
0 0.056347 0.766839 0.029793 0.038860
0 0.020725 0.710492 0.023316 0.047927
0 0.039508 0.715026 0.019430 0.038860
0 0.851684 0.932642 0.024611 0.023316
0 0.326425 0.795984 0.023316 0.034974
0 0.369819 0.973446 0.029793 0.037565
0 0.311528 0.951425 0.027202 0.032383
0 0.221503 0.882124 0.023316 0.041451
0 0.202720 0.845855 0.022021 0.033679
0 0.200777 0.898964 0.020725 0.038860