0 0.367518 0.619718 0.076585 0.059859
0 0.086268 0.694982 0.056338 0.060739
0 0.378521 0.786972 0.056338 0.059859
0 0.423856 0.684419 0.055458 0.060739
0 0.465229 0.636444 0.055458 0.049296
0 0.510563 0.632923 0.033451 0.051056
0 0.668134 0.441901 0.061620 0.056338
0 0.630722 0.316461 0.057218 0.064261
0 0.565141 0.331426 0.047535 0.058979
0 0.806338 0.683099 0.058099 0.058099
0 0.922095 0.486356 0.053697 0.057218
0 0.979313 0.249120 0.041373 0.052817
0 0.979313 0.154489 0.041373 0.039613
0 0.481074 0.306778 0.053697 0.055458
0 0.465229 0.273768 0.051937 0.068662
0 0.525088 0.757923 0.066021 0.065141
0 0.352332 0.707254 0.054404 0.051813