0 0.378728 0.946736 0.022567 0.025340
0 0.151561 0.885354 0.032263 0.021008
0 0.246474 0.734169 0.021008 0.021759
0 0.326756 0.632503 0.018007 0.025510
0 0.197329 0.356017 0.029262 0.032263
0 0.267107 0.359394 0.015756 0.025510
0 0.311750 0.463310 0.016507 0.027761
0 0.361645 0.404787 0.021759 0.026261
0 0.378902 0.391282 0.015756 0.021759
0 0.440426 0.393532 0.024760 0.029262
0 0.485819 0.438550 0.030012 0.024760
0 0.516641 0.387530 0.023890 0.033764
0 0.563833 0.380334 0.026670 0.030148
0 0.607317 0.476867 0.023191 0.031888
0 0.609636 0.533395 0.024351 0.037106
0 0.719504 0.584126 0.023771 0.036526
0 0.690225 0.473388 0.027829 0.035366
0 0.844186 0.540078 0.022825 0.034237
0 0.905214 0.584343 0.027105 0.036671
0 0.898836 0.497050 0.025510 0.024713
0 0.870536 0.591119 0.027902 0.034279
0 0.751102 0.451067 0.023191 0.027829
0 0.989477 0.556122 0.021046 0.033163
0 0.123424 0.255852 0.031513 0.040516
0 0.118923 0.157938 0.031513 0.038265
0 0.237845 0.217212 0.026261 0.038265
0 0.300870 0.278361 0.027761 0.034514
0 0.436300 0.255852 0.027011 0.037515
0 0.605492 0.129802 0.035264 0.037515
0 0.685774 0.183073 0.027761 0.034514
0 0.700030 0.151936 0.029262 0.038265
0 0.730417 0.102416 0.028511 0.032263
0 0.767557 0.066777 0.029262 0.027011
0 0.769433 0.124175 0.042017 0.035264
0 0.323888 0.184493 0.034621 0.031888
0 0.373649 0.241221 0.032263 0.036765
0 0.234094 0.263730 0.018758 0.033764
0 0.300495 0.334259 0.028511 0.032263
0 0.111420 0.877476 0.024010 0.026261
0 0.786972 0.571743 0.033451 0.043134
0 0.755722 0.552817 0.025528 0.045775
0 0.250880 0.166373 0.036972 0.036972
0 0.121479 0.532130 0.033451 0.022007
0 0.121919 0.553697 0.027289 0.015845
0 0.196244 0.323834 0.034974 0.049223