0 0.172194 0.636480 0.029337 0.033163
0 0.378827 0.614158 0.024235 0.029337
0 0.918367 0.637755 0.034439 0.028061
0 0.945791 0.944515 0.040816 0.034439
0 0.971301 0.987245 0.040816 0.025510
0 0.698980 0.961735 0.034439 0.033163
0 0.066964 0.275510 0.038265 0.035714
0 0.205357 0.184311 0.031888 0.029337
0 0.088648 0.135204 0.033163 0.038265
0 0.176020 0.241071 0.031888 0.025510
0 0.068240 0.441964 0.030612 0.024235
0 0.504464 0.286990 0.033163 0.038265
0 0.547194 0.332908 0.026786 0.035714
0 0.579719 0.165816 0.033163 0.028061
0 0.553571 0.240434 0.026786 0.026786
0 0.843750 0.603954 0.015306 0.024235
0 0.404337 0.040179 0.036990 0.036990
0 0.320153 0.016582 0.042092 0.033163
0 0.371762 0.095855 0.041451 0.031088
0 0.725389 0.280440 0.031088 0.034974
0 0.953368 0.860104 0.033679 0.025907
0 0.764896 0.592617 0.029793 0.027202
0 0.698187 0.922927 0.023316 0.029793
0 0.623705 0.948187 0.029793 0.023316
0 0.143782 0.152202 0.025907 0.032383
0 0.440415 0.037565 0.028497 0.033679
0 0.700777 0.057642 0.041451 0.024611
0 0.682642 0.090674 0.031088 0.031088