0 0.091705 0.674701 0.024631 0.026390
0 0.090605 0.508005 0.030348 0.051020
0 0.128871 0.522080 0.033867 0.039585
0 0.129750 0.430815 0.034747 0.034747
0 0.241027 0.506246 0.032108 0.033427
0 0.276434 0.535494 0.026390 0.036506
0 0.413221 0.423118 0.035186 0.043983
0 0.612825 0.464692 0.045802 0.041164
0 0.629348 0.522959 0.048701 0.052180
0 0.811109 0.509334 0.044643 0.051600
0 0.878073 0.447008 0.028989 0.045223
0 0.660366 0.855172 0.051600 0.054499
0 0.869376 0.869086 0.045223 0.046382
0 0.798353 0.291628 0.034207 0.037106
0 0.795165 0.162048 0.042904 0.033047
0 0.725591 0.106099 0.051020 0.033627
0 0.826183 0.070443 0.056238 0.042324