0 0.518926 0.345951 0.058979 0.045775
0 0.547095 0.393486 0.050176 0.042254
0 0.896127 0.466109 0.061620 0.074824
0 0.948063 0.421655 0.063380 0.063380
0 0.848151 0.441901 0.050176 0.049296
0 0.960387 0.505722 0.052817 0.067782
0 0.973592 0.305458 0.052816 0.079225
0 0.856954 0.096831 0.076585 0.077465
0 0.812500 0.051937 0.056338 0.061620
0 0.567782 0.191901 0.068662 0.063380
0 0.527729 0.147007 0.048415 0.035211
0 0.534331 0.028169 0.024648 0.047535
0 0.245599 0.076585 0.049296 0.044014
0 0.222271 0.102113 0.050176 0.054577
0 0.293574 0.102113 0.036092 0.047535
0 0.414613 0.267606 0.054577 0.056338
0 0.391285 0.392165 0.053697 0.057218
0 0.441021 0.366197 0.038732 0.056338
0 0.543134 0.310299 0.059859 0.057218
0 0.548415 0.243838 0.040493 0.036972
0 0.519806 0.180018 0.034331 0.030810