0 0.239387 0.124410 0.070755 0.060142
0 0.296580 0.135024 0.069575 0.067217
0 0.429835 0.191627 0.064858 0.064858
0 0.393278 0.298939 0.086085 0.069575
0 0.620873 0.365566 0.069575 0.066038
0 0.659788 0.300118 0.074292 0.062500
0 0.927476 0.390920 0.060142 0.067217
0 0.977594 0.545401 0.044811 0.053066
0 0.987028 0.493514 0.025943 0.050708
0 0.816627 0.382665 0.064858 0.057783
0 0.652712 0.439858 0.048349 0.075472
0 0.712264 0.435731 0.051887 0.074292
0 0.758255 0.444575 0.058962 0.066038
0 0.793042 0.438090 0.043632 0.055425
0 0.818396 0.458137 0.058962 0.055425
0 0.839623 0.520047 0.063679 0.066038