0 0.055006 0.240354 0.024713 0.042251
0 0.081314 0.218830 0.031091 0.047034
0 0.152264 0.237165 0.027902 0.043846
0 0.194515 0.142698 0.039062 0.043048
0 0.370695 0.193718 0.029496 0.043048
0 0.375877 0.243543 0.028699 0.039062
0 0.337213 0.314094 0.039062 0.044643
0 0.310108 0.448820 0.031091 0.043048
0 0.564015 0.279815 0.038265 0.031888
0 0.583945 0.359933 0.035077 0.032685
0 0.562420 0.489078 0.038265 0.043846
0 0.459582 0.605867 0.027105 0.036671
0 0.795984 0.947539 0.029793 0.037565
0 0.901554 0.901554 0.031088 0.046632
0 0.749352 0.790155 0.040155 0.038860
0 0.856865 0.716321 0.034974 0.038860
0 0.698834 0.775907 0.024611 0.046632
0 0.529145 0.674870 0.024611 0.038860
0 0.483161 0.643782 0.023316 0.036269
0 0.330959 0.365933 0.034974 0.029793