0 0.321244 0.487694 0.062176 0.068653
0 0.500648 0.561528 0.053109 0.053109
0 0.920984 0.761010 0.056995 0.071244
0 0.885363 0.636658 0.045337 0.055699
0 0.907383 0.599093 0.042746 0.063472
0 0.825777 0.616580 0.055699 0.059585
0 0.597150 0.298575 0.041451 0.053109
0 0.644430 0.283031 0.047927 0.055699
0 0.718912 0.269430 0.049223 0.054405
0 0.822539 0.154793 0.041451 0.040155
0 0.880829 0.204663 0.064767 0.062176
0 0.819301 0.206606 0.053109 0.060881
0 0.775259 0.266192 0.058290 0.060881
0 0.759715 0.314119 0.050518 0.047927
0 0.378238 0.757772 0.044041 0.056995
0 0.237047 0.695596 0.054404 0.041451
0 0.716321 0.306995 0.036269 0.033679
0 0.280440 0.455311 0.034974 0.022021
0 0.011010 0.095207 0.022020 0.053109