0 0.148810 0.448554 0.024660 0.028061
0 0.256803 0.456207 0.022959 0.024660
0 0.193878 0.568452 0.019558 0.038265
0 0.161139 0.548469 0.023810 0.034014
0 0.060587 0.739796 0.020044 0.025510
0 0.312044 0.568513 0.016399 0.029155
0 0.368987 0.512482 0.019133 0.024599
0 0.384931 0.539814 0.018222 0.026421
0 0.278335 0.545536 0.025510 0.032398
0 0.459404 0.774982 0.023751 0.029909
0 0.562104 0.758709 0.028589 0.031668
0 0.716025 0.873145 0.024930 0.031308
0 0.879647 0.948433 0.021866 0.030977
0 0.036532 0.448063 0.043134 0.044014
0 0.077905 0.481514 0.029049 0.040493
0 0.511004 0.814701 0.036092 0.044894
0 0.331866 0.469190 0.031690 0.038732