0 0.939413 0.595026 0.033163 0.021684
0 0.901786 0.633929 0.029337 0.025510
0 0.933036 0.883929 0.030612 0.028061
0 0.297194 0.210459 0.026786 0.017857
0 0.976403 0.139031 0.030612 0.033163
0 0.707270 0.779974 0.020408 0.026786
0 0.658801 0.553571 0.020408 0.025510
0 0.654974 0.475765 0.028061 0.022959
0 0.873087 0.559949 0.030612 0.025510
0 0.528699 0.255740 0.022959 0.026786
0 0.733418 0.252551 0.021684 0.017857
0 0.888393 0.265944 0.020408 0.026786
0 0.895408 0.390306 0.019133 0.025510
0 0.803571 0.097577 0.024235 0.029337
0 0.145408 0.653061 0.021684 0.022959
0 0.073342 0.580357 0.033163 0.028061
0 0.302934 0.732143 0.022959 0.017857
0 0.155612 0.577806 0.014031 0.025510
0 0.387953 0.211140 0.034974 0.023316
0 0.353627 0.169689 0.023316 0.023316
0 0.204016 0.607513 0.032383 0.036269
0 0.039508 0.531088 0.037565 0.033679
0 0.571244 0.911269 0.036269 0.042746
0 0.040803 0.990933 0.042746 0.018134
0 0.018782 0.968912 0.037564 0.025907
0 0.053756 0.632124 0.027202 0.028497
0 0.767487 0.047280 0.024611 0.024611
0 0.775259 0.362047 0.022021 0.022021
0 0.946891 0.166451 0.023316 0.024611
0 0.855570 0.112047 0.029793 0.027202
0 0.863342 0.086140 0.029793 0.029793