0 0.168574 0.662412 0.048415 0.055458
0 0.183539 0.594630 0.046655 0.058979
0 0.277729 0.735035 0.046655 0.061620
0 0.386884 0.676056 0.055458 0.047535
0 0.393046 0.632482 0.057218 0.055458
0 0.227553 0.090026 0.041373 0.042746
0 0.295335 0.079225 0.039613 0.051056
0 0.500440 0.047975 0.046655 0.043134
0 0.717430 0.142606 0.040493 0.051056
0 0.847711 0.210827 0.054577 0.058979
0 0.972711 0.412417 0.052817 0.037861
0 0.360915 0.413732 0.049296 0.054577
0 0.301937 0.399648 0.044014 0.051056
0 0.344560 0.705959 0.036269 0.046632
0 0.335492 0.163212 0.025907 0.023316