0 0.086140 0.207902 0.055699 0.091969
0 0.356865 0.831606 0.053109 0.059585
0 0.371762 0.873705 0.028497 0.045337
0 0.185233 0.834197 0.059585 0.054404
0 0.713083 0.377591 0.045337 0.050518
0 0.801813 0.093264 0.033679 0.041451
0 0.762306 0.095855 0.040155 0.049223
0 0.716321 0.095855 0.041451 0.051813
0 0.218264 0.538212 0.045337 0.045337
0 0.194948 0.014249 0.055699 0.028497
0 0.229275 0.006477 0.044041 0.012953
0 0.143135 0.668394 0.040155 0.049223
0 0.770725 0.838731 0.025907 0.040155
0 0.749352 0.462435 0.027202 0.044041