0 0.508803 0.893486 0.047535 0.051056
0 0.454225 0.924296 0.038732 0.042254
0 0.107394 0.543134 0.045775 0.058099
0 0.177377 0.499120 0.044894 0.052817
0 0.058979 0.198504 0.040493 0.055458
0 0.114877 0.143046 0.053697 0.057218
0 0.802817 0.660651 0.024648 0.029049
0 0.825264 0.662852 0.020246 0.021127
0 0.849912 0.673415 0.027289 0.028169
0 0.834067 0.694102 0.025528 0.034331
0 0.952465 0.825704 0.022887 0.029930
0 0.967870 0.823504 0.022007 0.032570
0 0.985475 0.804577 0.029049 0.031690
0 0.977553 0.781250 0.018486 0.023768
0 0.956426 0.769806 0.023768 0.032570
0 0.981514 0.672975 0.014085 0.027289
0 0.858715 0.612236 0.023768 0.029049
0 0.834507 0.605634 0.022887 0.026408
0 0.510563 0.609595 0.028169 0.039613
0 0.902729 0.477113 0.022007 0.031690
0 0.852993 0.471391 0.028169 0.023768
0 0.832746 0.577025 0.015845 0.023768