0 0.518260 0.421590 0.058405 0.060419
0 0.656216 0.282626 0.040279 0.048335
0 0.776383 0.320220 0.045650 0.053706
0 0.636412 0.430988 0.055720 0.063104
0 0.693475 0.444079 0.053034 0.051692
0 0.856606 0.468918 0.054377 0.047664
0 0.747180 0.572301 0.051692 0.062433
0 0.649503 0.505840 0.052363 0.059748
0 0.662975 0.541512 0.047542 0.028989
0 0.720373 0.531076 0.027829 0.038265
0 0.725569 0.071067 0.035322 0.053830
0 0.706749 0.040005 0.035366 0.052180
0 0.549267 0.013154 0.045440 0.026307
0 0.489078 0.010762 0.047832 0.021524
0 0.810233 0.515544 0.050518 0.051813
0 0.549870 0.400907 0.042746 0.045337
0 0.231865 0.768135 0.036269 0.036269