0 0.547194 0.444515 0.026786 0.026786
0 0.598214 0.463010 0.031888 0.028061
0 0.367347 0.584821 0.024235 0.029337
0 0.396684 0.604592 0.036990 0.033163
0 0.464286 0.724490 0.021684 0.025510
0 0.518495 0.685587 0.022959 0.026786
0 0.524235 0.748724 0.024235 0.030612
0 0.047194 0.242985 0.036990 0.034439
0 0.032526 0.461735 0.030612 0.025510
0 0.028699 0.768495 0.033163 0.026786
0 0.671655 0.708627 0.033451 0.033451
0 0.596831 0.600792 0.029930 0.027289
0 0.292694 0.623680 0.025528 0.025528
0 0.312940 0.621479 0.023768 0.021127
0 0.307658 0.846831 0.027289 0.024648
0 0.371479 0.845511 0.029930 0.029049
0 0.452905 0.916373 0.034331 0.022887
0 0.218310 0.754401 0.022887 0.026408
0 0.105194 0.903169 0.037852 0.031690
0 0.039613 0.877641 0.038732 0.022887
0 0.011004 0.848151 0.022007 0.030810
0 0.146567 0.861796 0.029049 0.022887
0 0.189701 0.973592 0.032570 0.024648
0 0.115285 0.340026 0.020725 0.027202
0 0.297280 0.704016 0.024611 0.019430