0 0.199955 0.792317 0.024010 0.034514
0 0.224340 0.832833 0.027761 0.030012
0 0.311375 0.922869 0.035264 0.037515
0 0.407413 0.928121 0.030762 0.039016
0 0.443427 0.685024 0.030762 0.036014
0 0.616372 0.701531 0.033013 0.028511
0 0.716161 0.721414 0.037515 0.039766
0 0.982781 0.763393 0.025510 0.042092
0 0.672832 0.455995 0.031308 0.040005
0 0.644133 0.419759 0.033047 0.037106
0 0.612245 0.525644 0.028867 0.036251
0 0.338590 0.896916 0.020292 0.028989
0 0.691205 0.411200 0.024903 0.036443
0 0.736759 0.205296 0.029762 0.037658
0 0.638970 0.223822 0.030977 0.029762
0 0.576713 0.157009 0.029155 0.029762
0 0.609815 0.236273 0.026118 0.038873
0 0.851004 0.181521 0.027105 0.040338
0 0.836735 0.105548 0.028699 0.040179
0 0.708865 0.049745 0.030612 0.038265
0 0.924745 0.035077 0.035077 0.034014
0 0.526786 0.259694 0.031633 0.030612
0 0.561600 0.307998 0.027011 0.035264
0 0.297170 0.875590 0.035377 0.048349
0 0.534198 0.515330 0.037736 0.054245
0 0.576061 0.554245 0.022406 0.040094
0 0.775907 0.152202 0.025907 0.034974
0 0.698834 0.990933 0.032383 0.018134