0 0.078077 0.149627 0.021438 0.032378
0 0.308085 0.232535 0.028454 0.033359
0 0.356652 0.310538 0.027473 0.034341
0 0.383144 0.346350 0.021586 0.031397
0 0.443976 0.322312 0.019623 0.026491
0 0.259027 0.623528 0.032378 0.028454
0 0.319859 0.627208 0.028454 0.033850
0 0.590213 0.503537 0.027250 0.034207
0 0.680804 0.540179 0.020408 0.036990
0 0.690689 0.505102 0.021046 0.031888
0 0.746173 0.516582 0.019770 0.029337
0 0.761161 0.545281 0.016582 0.025510
0 0.736926 0.563776 0.026786 0.031888
0 0.757653 0.645727 0.017219 0.028699
0 0.856870 0.761662 0.018222 0.027332
0 0.884657 0.732963 0.017310 0.028243
0 0.936589 0.739340 0.024599 0.022777
0 0.923834 0.706997 0.020955 0.023688
0 0.876458 0.656432 0.011844 0.026421
0 0.849125 0.640488 0.015488 0.025510
0 0.822249 0.635477 0.018222 0.022777
0 0.841837 0.611789 0.019133 0.028243
0 0.873269 0.613156 0.023688 0.029155
0 0.905612 0.554391 0.022777 0.033710
0 0.888757 0.490616 0.023688 0.030066
0 0.944789 0.450984 0.028243 0.038265
0 0.835459 0.418185 0.020955 0.023688
0 0.892402 0.370353 0.021866 0.022777
0 0.916090 0.957999 0.038265 0.040999
0 0.641285 0.530370 0.041373 0.057218
0 0.921655 0.379401 0.028169 0.036972
0 0.122359 0.473151 0.024648 0.041373
0 0.171632 0.509715 0.024611 0.032383